tema,indicador_id,indicador,ano,cenario_id,cenario,faixa_id,faixa,faixa_cor,local_id,local_nome,valor
Desastres geo-hidrológicos,60008,Gestão de risco de desastre,2015,,Presente,verylow,Muito baixo,#F40000,1608,Água Doce do Norte/ES,0.17
Desastres geo-hidrológicos,60008,Gestão de risco de desastre,2015,,Presente,verylow,Muito baixo,#F40000,29,Águas Frias/SC,0.17
Desastres geo-hidrológicos,60008,Gestão de risco de desastre,2015,,Presente,verylow,Muito baixo,#F40000,1611,Alto Rio Novo/ES,0.17
Desastres geo-hidrológicos,60008,Gestão de risco de desastre,2015,,Presente,verylow,Muito baixo,#F40000,777,Alvarenga/MG,0.17
Desastres geo-hidrológicos,60008,Gestão de risco de desastre,2015,,Presente,verylow,Muito baixo,#F40000,4212,Angelim/PE,0.17
Desastres geo-hidrológicos,60008,Gestão de risco de desastre,2015,,Presente,verylow,Muito baixo,#F40000,4923,Antônio Prado/RS,0.17
Desastres geo-hidrológicos,60008,Gestão de risco de desastre,2015,,Presente,verylow,Muito baixo,#F40000,797,Araxá/MG,0.17
Desastres geo-hidrológicos,60008,Gestão de risco de desastre,2015,,Presente,verylow,Muito baixo,#F40000,4215,Arcoverde/PE,0.17
Desastres geo-hidrológicos,60008,Gestão de risco de desastre,2015,,Presente,verylow,Muito baixo,#F40000,3419,Assunção do Piauí/PI,0.17
Desastres geo-hidrológicos,60008,Gestão de risco de desastre,2015,,Presente,verylow,Muito baixo,#F40000,5073,Atalaia/PR,0.17
Desastres geo-hidrológicos,60008,Gestão de risco de desastre,2015,,Presente,verylow,Muito baixo,#F40000,3067,Babaçulândia/TO,0.17
Desastres geo-hidrológicos,60008,Gestão de risco de desastre,2015,,Presente,verylow,Muito baixo,#F40000,809,Bambuí/MG,0.17
Desastres geo-hidrológicos,60008,Gestão de risco de desastre,2015,,Presente,verylow,Muito baixo,#F40000,4003,Barra de São Miguel/PB,0.17
Desastres geo-hidrológicos,60008,Gestão de risco de desastre,2015,,Presente,verylow,Muito baixo,#F40000,3213,Barreirinhas/MA,0.17
Desastres geo-hidrológicos,60008,Gestão de risco de desastre,2015,,Presente,verylow,Muito baixo,#F40000,1843,Bertioga/SP,0.17
Desastres geo-hidrológicos,60008,Gestão de risco de desastre,2015,,Presente,verylow,Muito baixo,#F40000,5050,Bom Jesus do Araguaia/MT,0.17
Desastres geo-hidrológicos,60008,Gestão de risco de desastre,2015,,Presente,verylow,Muito baixo,#F40000,836,Bom Jesus do Galho/MG,0.17
Desastres geo-hidrológicos,60008,Gestão de risco de desastre,2015,,Presente,verylow,Muito baixo,#F40000,537,Brasilândia/MS,0.17
Desastres geo-hidrológicos,60008,Gestão de risco de desastre,2015,,Presente,verylow,Muito baixo,#F40000,2891,Brasnorte/MT,0.17
Desastres geo-hidrológicos,60008,Gestão de risco de desastre,2015,,Presente,verylow,Muito baixo,#F40000,853,Bugre/MG,0.17
Desastres geo-hidrológicos,60008,Gestão de risco de desastre,2015,,Presente,verylow,Muito baixo,#F40000,854,Buritis/MG,0.17
Desastres geo-hidrológicos,60008,Gestão de risco de desastre,2015,,Presente,verylow,Muito baixo,#F40000,4018,Caaporã/PB,0.17
Desastres geo-hidrológicos,60008,Gestão de risco de desastre,2015,,Presente,verylow,Muito baixo,#F40000,3443,Cajazeiras do Piauí/PI,0.17
Desastres geo-hidrológicos,60008,Gestão de risco de desastre,2015,,Presente,verylow,Muito baixo,#F40000,2961,Cametá/PA,0.17
Desastres geo-hidrológicos,60008,Gestão de risco de desastre,2015,,Presente,verylow,Muito baixo,#F40000,870,Campanário/MG,0.17
Desastres geo-hidrológicos,60008,Gestão de risco de desastre,2015,,Presente,verylow,Muito baixo,#F40000,1878,Campina do Monte Alegre/SP,0.17
Desastres geo-hidrológicos,60008,Gestão de risco de desastre,2015,,Presente,verylow,Muito baixo,#F40000,2419,Canelinha/SC,0.17
Desastres geo-hidrológicos,60008,Gestão de risco de desastre,2015,,Presente,verylow,Muito baixo,#F40000,3836,Canguaretama/RN,0.17
Desastres geo-hidrológicos,60008,Gestão de risco de desastre,2015,,Presente,verylow,Muito baixo,#F40000,4625,Capela do Alto Alegre/BA,0.17
Desastres geo-hidrológicos,60008,Gestão de risco de desastre,2015,,Presente,verylow,Muito baixo,#F40000,4032,Caraúbas/PB,0.17
Desastres geo-hidrológicos,60008,Gestão de risco de desastre,2015,,Presente,verylow,Muito baixo,#F40000,4034,Casserengue/PB,0.17
Desastres geo-hidrológicos,60008,Gestão de risco de desastre,2015,,Presente,verylow,Muito baixo,#F40000,2688,Cezarina/GO,0.17
Desastres geo-hidrológicos,60008,Gestão de risco de desastre,2015,,Presente,verylow,Muito baixo,#F40000,4639,Conceição do Coité/BA,0.17
Desastres geo-hidrológicos,60008,Gestão de risco de desastre,2015,,Presente,verylow,Muito baixo,#F40000,4646,Correntina/BA,0.17
Desastres geo-hidrológicos,60008,Gestão de risco de desastre,2015,,Presente,verylow,Muito baixo,#F40000,976,Cristais/MG,0.17
Desastres geo-hidrológicos,60008,Gestão de risco de desastre,2015,,Presente,verylow,Muito baixo,#F40000,4505,Cumbe/SE,0.17
Desastres geo-hidrológicos,60008,Gestão de risco de desastre,2015,,Presente,verylow,Muito baixo,#F40000,4257,Custódia/PE,0.17
Desastres geo-hidrológicos,60008,Gestão de risco de desastre,2015,,Presente,verylow,Muito baixo,#F40000,3253,Duque Bacelar/MA,0.17
Desastres geo-hidrológicos,60008,Gestão de risco de desastre,2015,,Presente,verylow,Muito baixo,#F40000,3254,Esperantinópolis/MA,0.17
Desastres geo-hidrológicos,60008,Gestão de risco de desastre,2015,,Presente,verylow,Muito baixo,#F40000,4989,Feira da Mata/BA,0.17
Desastres geo-hidrológicos,60008,Gestão de risco de desastre,2015,,Presente,verylow,Muito baixo,#F40000,4262,Fernando de Noronha/PE,0.17
Desastres geo-hidrológicos,60008,Gestão de risco de desastre,2015,,Presente,verylow,Muito baixo,#F40000,1043,Florestal/MG,0.17
Desastres geo-hidrológicos,60008,Gestão de risco de desastre,2015,,Presente,verylow,Muito baixo,#F40000,1047,Fortuna de Minas/MG,0.17
Desastres geo-hidrológicos,60008,Gestão de risco de desastre,2015,,Presente,verylow,Muito baixo,#F40000,4664,Gandu/BA,0.17
Desastres geo-hidrológicos,60008,Gestão de risco de desastre,2015,,Presente,verylow,Muito baixo,#F40000,1063,Goiabeira/MG,0.17
Desastres geo-hidrológicos,60008,Gestão de risco de desastre,2015,,Presente,verylow,Muito baixo,#F40000,1083,Gurinhatã/MG,0.17
Desastres geo-hidrológicos,60008,Gestão de risco de desastre,2015,,Presente,verylow,Muito baixo,#F40000,278,Herveiras/RS,0.17
Desastres geo-hidrológicos,60008,Gestão de risco de desastre,2015,,Presente,verylow,Muito baixo,#F40000,5144,Ibema/PR,0.17
Desastres geo-hidrológicos,60008,Gestão de risco de desastre,2015,,Presente,verylow,Muito baixo,#F40000,3700,Ibiapina/CE,0.17
Desastres geo-hidrológicos,60008,Gestão de risco de desastre,2015,,Presente,verylow,Muito baixo,#F40000,1090,Ibiraci/MG,0.17
Desastres geo-hidrológicos,60008,Gestão de risco de desastre,2015,,Presente,verylow,Muito baixo,#F40000,2979,Igarapé-Miri/PA,0.17
Desastres geo-hidrológicos,60008,Gestão de risco de desastre,2015,,Presente,verylow,Muito baixo,#F40000,4681,Igrapiúna/BA,0.17
Desastres geo-hidrológicos,60008,Gestão de risco de desastre,2015,,Presente,verylow,Muito baixo,#F40000,2722,Inaciolândia/GO,0.17
Desastres geo-hidrológicos,60008,Gestão de risco de desastre,2015,,Presente,verylow,Muito baixo,#F40000,5354,Ipiranga/PR,0.17
Desastres geo-hidrológicos,60008,Gestão de risco de desastre,2015,,Presente,verylow,Muito baixo,#F40000,4687,Irajuba/BA,0.17
Desastres geo-hidrológicos,60008,Gestão de risco de desastre,2015,,Presente,verylow,Muito baixo,#F40000,4996,Itagibá/BA,0.17
Desastres geo-hidrológicos,60008,Gestão de risco de desastre,2015,,Presente,verylow,Muito baixo,#F40000,706,Itagimirim/BA,0.17
Desastres geo-hidrológicos,60008,Gestão de risco de desastre,2015,,Presente,verylow,Muito baixo,#F40000,2013,Itaju/SP,0.17
Desastres geo-hidrológicos,60008,Gestão de risco de desastre,2015,,Presente,verylow,Muito baixo,#F40000,2015,Itaoca/SP,0.17
Desastres geo-hidrológicos,60008,Gestão de risco de desastre,2015,,Presente,verylow,Muito baixo,#F40000,3278,Itapecuru Mirim/MA,0.17
Desastres geo-hidrológicos,60008,Gestão de risco de desastre,2015,,Presente,verylow,Muito baixo,#F40000,1141,Itumirim/MG,0.17
Desastres geo-hidrológicos,60008,Gestão de risco de desastre,2015,,Presente,verylow,Muito baixo,#F40000,2033,Itu/SP,0.17
Desastres geo-hidrológicos,60008,Gestão de risco de desastre,2015,,Presente,verylow,Muito baixo,#F40000,5163,Japurá/PR,0.17
Desastres geo-hidrológicos,60008,Gestão de risco de desastre,2015,,Presente,verylow,Muito baixo,#F40000,2045,Jardinópolis/SP,0.17
Desastres geo-hidrológicos,60008,Gestão de risco de desastre,2015,,Presente,verylow,Muito baixo,#F40000,3280,Jatobá/MA,0.17
Desastres geo-hidrológicos,60008,Gestão de risco de desastre,2015,,Presente,verylow,Muito baixo,#F40000,4292,Jatobá/PE,0.17
Desastres geo-hidrológicos,60008,Gestão de risco de desastre,2015,,Presente,verylow,Muito baixo,#F40000,4428,Joaquim Gomes/AL,0.17
Desastres geo-hidrológicos,60008,Gestão de risco de desastre,2015,,Presente,verylow,Muito baixo,#F40000,4297,Jurema/PE,0.17
Desastres geo-hidrológicos,60008,Gestão de risco de desastre,2015,,Presente,verylow,Muito baixo,#F40000,5168,Jussara/PR,0.17
Desastres geo-hidrológicos,60008,Gestão de risco de desastre,2015,,Presente,verylow,Muito baixo,#F40000,3288,Lagoa do Mato/MA,0.17
Desastres geo-hidrológicos,60008,Gestão de risco de desastre,2015,,Presente,verylow,Muito baixo,#F40000,3520,Lagoa do Sítio/PI,0.17
Desastres geo-hidrológicos,60008,Gestão de risco de desastre,2015,,Presente,verylow,Muito baixo,#F40000,3285,Lago da Pedra/MA,0.17
Desastres geo-hidrológicos,60008,Gestão de risco de desastre,2015,,Presente,verylow,Muito baixo,#F40000,4719,Laje/BA,0.17
Desastres geo-hidrológicos,60008,Gestão de risco de desastre,2015,,Presente,verylow,Muito baixo,#F40000,5533,Machadinho D'Oeste/RO,0.17
Desastres geo-hidrológicos,60008,Gestão de risco de desastre,2015,,Presente,verylow,Muito baixo,#F40000,4732,Mairi/BA,0.17
Desastres geo-hidrológicos,60008,Gestão de risco de desastre,2015,,Presente,verylow,Muito baixo,#F40000,4437,Marechal Deodoro/AL,0.17
Desastres geo-hidrológicos,60008,Gestão de risco de desastre,2015,,Presente,verylow,Muito baixo,#F40000,1598,Mathias Lobato/MG,0.17
Desastres geo-hidrológicos,60008,Gestão de risco de desastre,2015,,Presente,verylow,Muito baixo,#F40000,2091,Meridiano/SP,0.17
Desastres geo-hidrológicos,60008,Gestão de risco de desastre,2015,,Presente,verylow,Muito baixo,#F40000,3740,Miraíma/CE,0.17
Desastres geo-hidrológicos,60008,Gestão de risco de desastre,2015,,Presente,verylow,Muito baixo,#F40000,2097,Mirandópolis/SP,0.17
Desastres geo-hidrológicos,60008,Gestão de risco de desastre,2015,,Presente,verylow,Muito baixo,#F40000,2870,Mojuí dos Campos/PA,0.17
Desastres geo-hidrológicos,60008,Gestão de risco de desastre,2015,,Presente,verylow,Muito baixo,#F40000,3124,Monte do Carmo/TO,0.17
Desastres geo-hidrológicos,60008,Gestão de risco de desastre,2015,,Presente,verylow,Muito baixo,#F40000,2113,Morro Agudo/SP,0.17
Desastres geo-hidrológicos,60008,Gestão de risco de desastre,2015,,Presente,verylow,Muito baixo,#F40000,2994,Muaná/PA,0.17
Desastres geo-hidrológicos,60008,Gestão de risco de desastre,2015,,Presente,verylow,Muito baixo,#F40000,4748,Muniz Ferreira/BA,0.17
Desastres geo-hidrológicos,60008,Gestão de risco de desastre,2015,,Presente,verylow,Muito baixo,#F40000,1264,Naque/MG,0.17
Desastres geo-hidrológicos,60008,Gestão de risco de desastre,2015,,Presente,verylow,Muito baixo,#F40000,3542,Nossa Senhora dos Remédios/PI,0.17
Desastres geo-hidrológicos,60008,Gestão de risco de desastre,2015,,Presente,verylow,Muito baixo,#F40000,5206,Nova Aliança do Ivaí/PR,0.17
Desastres geo-hidrológicos,60008,Gestão de risco de desastre,2015,,Presente,verylow,Muito baixo,#F40000,2913,Nova Canaã do Norte/MT,0.17
Desastres geo-hidrológicos,60008,Gestão de risco de desastre,2015,,Presente,verylow,Muito baixo,#F40000,1271,Nova Era/MG,0.17
Desastres geo-hidrológicos,60008,Gestão de risco de desastre,2015,,Presente,verylow,Muito baixo,#F40000,4906,Nova Independência/SP,0.17
Desastres geo-hidrológicos,60008,Gestão de risco de desastre,2015,,Presente,verylow,Muito baixo,#F40000,4959,Nova Lacerda/MT,0.17
Desastres geo-hidrológicos,60008,Gestão de risco de desastre,2015,,Presente,verylow,Muito baixo,#F40000,2611,Osório/RS,0.17
Desastres geo-hidrológicos,60008,Gestão de risco de desastre,2015,,Presente,verylow,Muito baixo,#F40000,5378,Palmeira/PR,0.17
Desastres geo-hidrológicos,60008,Gestão de risco de desastre,2015,,Presente,verylow,Muito baixo,#F40000,3905,Paraná/RN,0.17
Desastres geo-hidrológicos,60008,Gestão de risco de desastre,2015,,Presente,verylow,Muito baixo,#F40000,4114,Patos/PB,0.17
Desastres geo-hidrológicos,60008,Gestão de risco de desastre,2015,,Presente,verylow,Muito baixo,#F40000,5231,Perobal/PR,0.17
Desastres geo-hidrológicos,60008,Gestão de risco de desastre,2015,,Presente,verylow,Muito baixo,#F40000,4119,Piancó/PB,0.17
Desastres geo-hidrológicos,60008,Gestão de risco de desastre,2015,,Presente,verylow,Muito baixo,#F40000,4120,Picuí/PB,0.17
Desastres geo-hidrológicos,60008,Gestão de risco de desastre,2015,,Presente,verylow,Muito baixo,#F40000,1340,Piedade do Rio Grande/MG,0.17
Desastres geo-hidrológicos,60008,Gestão de risco de desastre,2015,,Presente,verylow,Muito baixo,#F40000,5563,Pimenteiras do Oeste/RO,0.17
Desastres geo-hidrológicos,60008,Gestão de risco de desastre,2015,,Presente,verylow,Muito baixo,#F40000,3329,Pindaré-Mirim/MA,0.17
Desastres geo-hidrológicos,60008,Gestão de risco de desastre,2015,,Presente,verylow,Muito baixo,#F40000,4940,Pinto Bandeira/RS,0.17
Desastres geo-hidrológicos,60008,Gestão de risco de desastre,2015,,Presente,verylow,Muito baixo,#F40000,4542,Poço Verde/SE,0.17
Desastres geo-hidrológicos,60008,Gestão de risco de desastre,2015,,Presente,verylow,Muito baixo,#F40000,2198,Pontalinda/SP,0.17
Desastres geo-hidrológicos,60008,Gestão de risco de desastre,2015,,Presente,verylow,Muito baixo,#F40000,3149,Ponte Alta do Tocantins/TO,0.17
Desastres geo-hidrológicos,60008,Gestão de risco de desastre,2015,,Presente,verylow,Muito baixo,#F40000,4889,Porangatu/GO,0.17
Desastres geo-hidrológicos,60008,Gestão de risco de desastre,2015,,Presente,verylow,Muito baixo,#F40000,2842,Porto Acre/AC,0.17
Desastres geo-hidrológicos,60008,Gestão de risco de desastre,2015,,Presente,verylow,Muito baixo,#F40000,3773,Potengi/CE,0.17
Desastres geo-hidrológicos,60008,Gestão de risco de desastre,2015,,Presente,verylow,Muito baixo,#F40000,1384,Resende Costa/MG,0.17
Desastres geo-hidrológicos,60008,Gestão de risco de desastre,2015,,Presente,verylow,Muito baixo,#F40000,2237,Rio das Pedras/SP,0.17
Desastres geo-hidrológicos,60008,Gestão de risco de desastre,2015,,Presente,verylow,Muito baixo,#F40000,4339,Salgueiro/PE,0.17
Desastres geo-hidrológicos,60008,Gestão de risco de desastre,2015,,Presente,verylow,Muito baixo,#F40000,5258,Salto do Lontra/PR,0.17
Desastres geo-hidrológicos,60008,Gestão de risco de desastre,2015,,Presente,verylow,Muito baixo,#F40000,4803,Santa Bárbara/BA,0.17
Desastres geo-hidrológicos,60008,Gestão de risco de desastre,2015,,Presente,verylow,Muito baixo,#F40000,3018,Santa Izabel do Pará/PA,0.17
Desastres geo-hidrológicos,60008,Gestão de risco de desastre,2015,,Presente,verylow,Muito baixo,#F40000,3022,Santana do Araguaia/PA,0.17
Desastres geo-hidrológicos,60008,Gestão de risco de desastre,2015,,Presente,verylow,Muito baixo,#F40000,3354,Santana do Maranhão/MA,0.17
Desastres geo-hidrológicos,60008,Gestão de risco de desastre,2015,,Presente,verylow,Muito baixo,#F40000,2837,Santa Rosa do Purus/AC,0.17
Desastres geo-hidrológicos,60008,Gestão de risco de desastre,2015,,Presente,verylow,Muito baixo,#F40000,5025,Santa Terezinha de Goiás/GO,0.17
Desastres geo-hidrológicos,60008,Gestão de risco de desastre,2015,,Presente,verylow,Muito baixo,#F40000,4871,Santa Terezinha/MT,0.17
Desastres geo-hidrológicos,60008,Gestão de risco de desastre,2015,,Presente,verylow,Muito baixo,#F40000,1451,Santo Antônio do Aventureiro/MG,0.17
Desastres geo-hidrológicos,60008,Gestão de risco de desastre,2015,,Presente,verylow,Muito baixo,#F40000,2278,Santo Antônio do Jardim/SP,0.17
Desastres geo-hidrológicos,60008,Gestão de risco de desastre,2015,,Presente,verylow,Muito baixo,#F40000,5272,Santo Inácio/PR,0.17
Desastres geo-hidrológicos,60008,Gestão de risco de desastre,2015,,Presente,verylow,Muito baixo,#F40000,1462,São Domingos das Dores/MG,0.17
Desastres geo-hidrológicos,60008,Gestão de risco de desastre,2015,,Presente,verylow,Muito baixo,#F40000,5276,São João do Ivaí/PR,0.17
Desastres geo-hidrológicos,60008,Gestão de risco de desastre,2015,,Presente,verylow,Muito baixo,#F40000,1484,São João do Manteninha/MG,0.17
Desastres geo-hidrológicos,60008,Gestão de risco de desastre,2015,,Presente,verylow,Muito baixo,#F40000,3944,São José de Mipibu/RN,0.17
Desastres geo-hidrológicos,60008,Gestão de risco de desastre,2015,,Presente,verylow,Muito baixo,#F40000,2924,São José do Xingu/MT,0.17
Desastres geo-hidrológicos,60008,Gestão de risco de desastre,2015,,Presente,verylow,Muito baixo,#F40000,2797,São Luís de Montes Belos/GO,0.17
Desastres geo-hidrológicos,60008,Gestão de risco de desastre,2015,,Presente,verylow,Muito baixo,#F40000,3374,São Mateus do Maranhão/MA,0.17
Desastres geo-hidrológicos,60008,Gestão de risco de desastre,2015,,Presente,verylow,Muito baixo,#F40000,4177,Sapé/PB,0.17
Desastres geo-hidrológicos,60008,Gestão de risco de desastre,2015,,Presente,verylow,Muito baixo,#F40000,4827,Sátiro Dias/BA,0.17
Desastres geo-hidrológicos,60008,Gestão de risco de desastre,2015,,Presente,verylow,Muito baixo,#F40000,3381,Satubinha/MA,0.17
Desastres geo-hidrológicos,60008,Gestão de risco de desastre,2015,,Presente,verylow,Muito baixo,#F40000,3611,Sebastião Leal/PI,0.17
Desastres geo-hidrológicos,60008,Gestão de risco de desastre,2015,,Presente,verylow,Muito baixo,#F40000,4361,Sertânia/PE,0.17
Desastres geo-hidrológicos,60008,Gestão de risco de desastre,2015,,Presente,verylow,Muito baixo,#F40000,2928,Sinop/MT,0.17
Desastres geo-hidrológicos,60008,Gestão de risco de desastre,2015,,Presente,verylow,Muito baixo,#F40000,2805,Sítio d'Abadia/GO,0.17
Desastres geo-hidrológicos,60008,Gestão de risco de desastre,2015,,Presente,verylow,Muito baixo,#F40000,3798,Tarrafas/CE,0.17
Desastres geo-hidrológicos,60008,Gestão de risco de desastre,2015,,Presente,verylow,Muito baixo,#F40000,2344,Timburi/SP,0.17
Desastres geo-hidrológicos,60008,Gestão de risco de desastre,2015,,Presente,verylow,Muito baixo,#F40000,4858,Utinga/BA,0.17
Desastres geo-hidrológicos,60008,Gestão de risco de desastre,2015,,Presente,verylow,Muito baixo,#F40000,2365,Vargem/SP,0.17
Desastres geo-hidrológicos,60008,Gestão de risco de desastre,2015,,Presente,verylow,Muito baixo,#F40000,4200,Vieirópolis/PB,0.17
Desastres geo-hidrológicos,60008,Gestão de risco de desastre,2015,,Presente,verylow,Muito baixo,#F40000,2819,Vila Propício/GO,0.17
Desastres geo-hidrológicos,60008,Gestão de risco de desastre,2015,,Presente,verylow,Muito baixo,#F40000,4386,Xexéu/PE,0.17
Desastres geo-hidrológicos,60008,Gestão de risco de desastre,2015,,Presente,verylow,Muito baixo,#F40000,4566,Acajutiba/BA,0.12
Desastres geo-hidrológicos,60008,Gestão de risco de desastre,2015,,Presente,verylow,Muito baixo,#F40000,1784,Alambari/SP,0.12
Desastres geo-hidrológicos,60008,Gestão de risco de desastre,2015,,Presente,verylow,Muito baixo,#F40000,4895,Alfredo Marcondes/SP,0.12
Desastres geo-hidrológicos,60008,Gestão de risco de desastre,2015,,Presente,verylow,Muito baixo,#F40000,3062,Arapoema/TO,0.12
Desastres geo-hidrológicos,60008,Gestão de risco de desastre,2015,,Presente,verylow,Muito baixo,#F40000,660,Baliza/GO,0.12
Desastres geo-hidrológicos,60008,Gestão de risco de desastre,2015,,Presente,verylow,Muito baixo,#F40000,5321,Balsa Nova/PR,0.12
Desastres geo-hidrológicos,60008,Gestão de risco de desastre,2015,,Presente,verylow,Muito baixo,#F40000,884,Cantagalo/MG,0.12
Desastres geo-hidrológicos,60008,Gestão de risco de desastre,2015,,Presente,verylow,Muito baixo,#F40000,4044,Cruz do Espírito Santo/PB,0.12
Desastres geo-hidrológicos,60008,Gestão de risco de desastre,2015,,Presente,verylow,Muito baixo,#F40000,2971,Curralinho/PA,0.12
Desastres geo-hidrológicos,60008,Gestão de risco de desastre,2015,,Presente,verylow,Muito baixo,#F40000,1921,Descalvado/SP,0.12
Desastres geo-hidrológicos,60008,Gestão de risco de desastre,2015,,Presente,verylow,Muito baixo,#F40000,616,Dom Aquino/MT,0.12
Desastres geo-hidrológicos,60008,Gestão de risco de desastre,2015,,Presente,verylow,Muito baixo,#F40000,259,Fazenda Vilanova/RS,0.12
Desastres geo-hidrológicos,60008,Gestão de risco de desastre,2015,,Presente,verylow,Muito baixo,#F40000,5017,Flores de Goiás/GO,0.12
Desastres geo-hidrológicos,60008,Gestão de risco de desastre,2015,,Presente,verylow,Muito baixo,#F40000,696,Floresta Azul/BA,0.12
Desastres geo-hidrológicos,60008,Gestão de risco de desastre,2015,,Presente,verylow,Muito baixo,#F40000,1113,Iraí de Minas/MG,0.12
Desastres geo-hidrológicos,60008,Gestão de risco de desastre,2015,,Presente,verylow,Muito baixo,#F40000,2048,Jeriquara/SP,0.12
Desastres geo-hidrológicos,60008,Gestão de risco de desastre,2015,,Presente,verylow,Muito baixo,#F40000,3112,Juarina/TO,0.12
Desastres geo-hidrológicos,60008,Gestão de risco de desastre,2015,,Presente,verylow,Muito baixo,#F40000,2745,Marzagão/GO,0.12
Desastres geo-hidrológicos,60008,Gestão de risco de desastre,2015,,Presente,verylow,Muito baixo,#F40000,2746,Matrinchã/GO,0.12
Desastres geo-hidrológicos,60008,Gestão de risco de desastre,2015,,Presente,verylow,Muito baixo,#F40000,3536,Morro Cabeça no Tempo/PI,0.12
Desastres geo-hidrológicos,60008,Gestão de risco de desastre,2015,,Presente,verylow,Muito baixo,#F40000,2759,Nova Veneza/GO,0.12
Desastres geo-hidrológicos,60008,Gestão de risco de desastre,2015,,Presente,verylow,Muito baixo,#F40000,2139,Orindiúva/SP,0.12
Desastres geo-hidrológicos,60008,Gestão de risco de desastre,2015,,Presente,verylow,Muito baixo,#F40000,3006,Peixe-Boi/PA,0.12
Desastres geo-hidrológicos,60008,Gestão de risco de desastre,2015,,Presente,verylow,Muito baixo,#F40000,3326,Penalva/MA,0.12
Desastres geo-hidrológicos,60008,Gestão de risco de desastre,2015,,Presente,verylow,Muito baixo,#F40000,2196,Pongaí/SP,0.12
Desastres geo-hidrológicos,60008,Gestão de risco de desastre,2015,,Presente,verylow,Muito baixo,#F40000,2778,Porteirão/GO,0.12
Desastres geo-hidrológicos,60008,Gestão de risco de desastre,2015,,Presente,verylow,Muito baixo,#F40000,1370,Pratápolis/MG,0.12
Desastres geo-hidrológicos,60008,Gestão de risco de desastre,2015,,Presente,verylow,Muito baixo,#F40000,5249,Rancho Alegre D'Oeste/PR,0.12
Desastres geo-hidrológicos,60008,Gestão de risco de desastre,2015,,Presente,verylow,Muito baixo,#F40000,1749,Rio das Flores/RJ,0.12
Desastres geo-hidrológicos,60008,Gestão de risco de desastre,2015,,Presente,verylow,Muito baixo,#F40000,2240,Roseira/SP,0.12
Desastres geo-hidrológicos,60008,Gestão de risco de desastre,2015,,Presente,verylow,Muito baixo,#F40000,3160,Sampaio/TO,0.12
Desastres geo-hidrológicos,60008,Gestão de risco de desastre,2015,,Presente,verylow,Muito baixo,#F40000,5541,Santa Luzia D'Oeste/RO,0.12
Desastres geo-hidrológicos,60008,Gestão de risco de desastre,2015,,Presente,verylow,Muito baixo,#F40000,668,Santa Rita do Araguaia/GO,0.12
Desastres geo-hidrológicos,60008,Gestão de risco de desastre,2015,,Presente,verylow,Muito baixo,#F40000,3356,Santo Antônio dos Lopes/MA,0.12
Desastres geo-hidrológicos,60008,Gestão de risco de desastre,2015,,Presente,verylow,Muito baixo,#F40000,2855,São João da Baliza/RR,0.12
Desastres geo-hidrológicos,60008,Gestão de risco de desastre,2015,,Presente,verylow,Muito baixo,#F40000,3598,São João do Piauí/PI,0.12
Desastres geo-hidrológicos,60008,Gestão de risco de desastre,2015,,Presente,verylow,Muito baixo,#F40000,648,São José do Povo/MT,0.12
Desastres geo-hidrológicos,60008,Gestão de risco de desastre,2015,,Presente,verylow,Muito baixo,#F40000,4178,São Vicente do Seridó/PB,0.12
Desastres geo-hidrológicos,60008,Gestão de risco de desastre,2015,,Presente,verylow,Muito baixo,#F40000,3036,Soure/PA,0.12
Desastres geo-hidrológicos,60008,Gestão de risco de desastre,2015,,Presente,verylow,Muito baixo,#F40000,4193,Tavares/PB,0.12
Desastres geo-hidrológicos,60008,Gestão de risco de desastre,2015,,Presente,verylow,Muito baixo,#F40000,2807,Terezópolis de Goiás/GO,0.12
Desastres geo-hidrológicos,60008,Gestão de risco de desastre,2015,,Presente,verylow,Muito baixo,#F40000,2357,Uchoa/SP,0.12
Desastres geo-hidrológicos,60008,Gestão de risco de desastre,2015,,Presente,verylow,Muito baixo,#F40000,3807,Uruburetama/CE,0.12
Desastres geo-hidrológicos,60008,Gestão de risco de desastre,2015,,Presente,verylow,Muito baixo,#F40000,2369,Vera Cruz/SP,0.12
Desastres geo-hidrológicos,60008,Gestão de risco de desastre,2015,,Presente,verylow,Muito baixo,#F40000,2643,Xangri-lá/RS,0.12
Desastres geo-hidrológicos,60008,Gestão de risco de desastre,2015,,Presente,verylow,Muito baixo,#F40000,774,Alterosa/MG,0.05
Desastres geo-hidrológicos,60008,Gestão de risco de desastre,2015,,Presente,verylow,Muito baixo,#F40000,4388,Anadia/AL,0.05
Desastres geo-hidrológicos,60008,Gestão de risco de desastre,2015,,Presente,verylow,Muito baixo,#F40000,3441,Buriti dos Montes/PI,0.05
Desastres geo-hidrológicos,60008,Gestão de risco de desastre,2015,,Presente,verylow,Muito baixo,#F40000,2676,Cachoeira de Goiás/GO,0.05
Desastres geo-hidrológicos,60008,Gestão de risco de desastre,2015,,Presente,verylow,Muito baixo,#F40000,2681,Campo Alegre de Goiás/GO,0.05
Desastres geo-hidrológicos,60008,Gestão de risco de desastre,2015,,Presente,verylow,Muito baixo,#F40000,1887,Canitar/SP,0.05
Desastres geo-hidrológicos,60008,Gestão de risco de desastre,2015,,Presente,verylow,Muito baixo,#F40000,4648,Cravolândia/BA,0.05
Desastres geo-hidrológicos,60008,Gestão de risco de desastre,2015,,Presente,verylow,Muito baixo,#F40000,2699,Damolândia/GO,0.05
Desastres geo-hidrológicos,60008,Gestão de risco de desastre,2015,,Presente,verylow,Muito baixo,#F40000,5444,Faxinal/PR,0.05
Desastres geo-hidrológicos,60008,Gestão de risco de desastre,2015,,Presente,verylow,Muito baixo,#F40000,3492,Geminiano/PI,0.05
Desastres geo-hidrológicos,60008,Gestão de risco de desastre,2015,,Presente,verylow,Muito baixo,#F40000,1964,Guapiaçu/SP,0.05
Desastres geo-hidrológicos,60008,Gestão de risco de desastre,2015,,Presente,verylow,Muito baixo,#F40000,1078,Guarda-Mor/MG,0.05
Desastres geo-hidrológicos,60008,Gestão de risco de desastre,2015,,Presente,verylow,Muito baixo,#F40000,5032,Gurupá/PA,0.05
Desastres geo-hidrológicos,60008,Gestão de risco de desastre,2015,,Presente,verylow,Muito baixo,#F40000,1087,Ibiá/MG,0.05
Desastres geo-hidrológicos,60008,Gestão de risco de desastre,2015,,Presente,verylow,Muito baixo,#F40000,2850,Iracema/RR,0.05
Desastres geo-hidrológicos,60008,Gestão de risco de desastre,2015,,Presente,verylow,Muito baixo,#F40000,1126,Itamogi/MG,0.05
Desastres geo-hidrológicos,60008,Gestão de risco de desastre,2015,,Presente,verylow,Muito baixo,#F40000,3508,João Costa/PI,0.05
Desastres geo-hidrológicos,60008,Gestão de risco de desastre,2015,,Presente,verylow,Muito baixo,#F40000,4295,Jucati/PE,0.05
Desastres geo-hidrológicos,60008,Gestão de risco de desastre,2015,,Presente,verylow,Muito baixo,#F40000,3514,Jurema/PI,0.05
Desastres geo-hidrológicos,60008,Gestão de risco de desastre,2015,,Presente,verylow,Muito baixo,#F40000,3289,Lago dos Rodrigues/MA,0.05
Desastres geo-hidrológicos,60008,Gestão de risco de desastre,2015,,Presente,verylow,Muito baixo,#F40000,725,Maiquinique/BA,0.05
Desastres geo-hidrológicos,60008,Gestão de risco de desastre,2015,,Presente,verylow,Muito baixo,#F40000,2083,Marapoama/SP,0.05
Desastres geo-hidrológicos,60008,Gestão de risco de desastre,2015,,Presente,verylow,Muito baixo,#F40000,3737,Meruoca/CE,0.05
Desastres geo-hidrológicos,60008,Gestão de risco de desastre,2015,,Presente,verylow,Muito baixo,#F40000,2105,Monções/SP,0.05
Desastres geo-hidrológicos,60008,Gestão de risco de desastre,2015,,Presente,verylow,Muito baixo,#F40000,4103,Mulungu/PB,0.05
Desastres geo-hidrológicos,60008,Gestão de risco de desastre,2015,,Presente,verylow,Muito baixo,#F40000,3539,Nazaré do Piauí/PI,0.05
Desastres geo-hidrológicos,60008,Gestão de risco de desastre,2015,,Presente,verylow,Muito baixo,#F40000,2756,Nova América/GO,0.05
Desastres geo-hidrológicos,60008,Gestão de risco de desastre,2015,,Presente,verylow,Muito baixo,#F40000,2995,Nova Esperança do Piriá/PA,0.05
Desastres geo-hidrológicos,60008,Gestão de risco de desastre,2015,,Presente,verylow,Muito baixo,#F40000,2935,Nova Guarita/MT,0.05
Desastres geo-hidrológicos,60008,Gestão de risco de desastre,2015,,Presente,verylow,Muito baixo,#F40000,5034,Ourilândia do Norte/PA,0.05
Desastres geo-hidrológicos,60008,Gestão de risco de desastre,2015,,Presente,verylow,Muito baixo,#F40000,3570,Prata do Piauí/PI,0.05
Desastres geo-hidrológicos,60008,Gestão de risco de desastre,2015,,Presente,verylow,Muito baixo,#F40000,2618,Presidente Lucena/RS,0.05
Desastres geo-hidrológicos,60008,Gestão de risco de desastre,2015,,Presente,verylow,Muito baixo,#F40000,5056,Ribeirão Cascalheira/MT,0.05
Desastres geo-hidrológicos,60008,Gestão de risco de desastre,2015,,Presente,verylow,Muito baixo,#F40000,2249,Saltinho/SP,0.05
Desastres geo-hidrológicos,60008,Gestão de risco de desastre,2015,,Presente,verylow,Muito baixo,#F40000,4909,Santo Expedito/SP,0.05
Desastres geo-hidrológicos,60008,Gestão de risco de desastre,2015,,Presente,verylow,Muito baixo,#F40000,2280,Santópolis do Aguapeí/SP,0.05
Desastres geo-hidrológicos,60008,Gestão de risco de desastre,2015,,Presente,verylow,Muito baixo,#F40000,2800,São Patrício/GO,0.05
Desastres geo-hidrológicos,60008,Gestão de risco de desastre,2015,,Presente,verylow,Muito baixo,#F40000,3034,São Sebastião da Boa Vista/PA,0.05
Desastres geo-hidrológicos,60008,Gestão de risco de desastre,2015,,Presente,verylow,Muito baixo,#F40000,1537,Serra do Salitre/MG,0.05
Desastres geo-hidrológicos,60008,Gestão de risco de desastre,2015,,Presente,verylow,Muito baixo,#F40000,3616,Sussuapara/PI,0.05
Desastres geo-hidrológicos,60008,Gestão de risco de desastre,2015,,Presente,verylow,Muito baixo,#F40000,2359,Urânia/SP,0.05
Desastres geo-hidrológicos,60008,Gestão de risco de desastre,2015,,Presente,verylow,Muito baixo,#F40000,2815,Varjão/GO,0.05
Desastres geo-hidrológicos,60008,Gestão de risco de desastre,2015,,Presente,verylow,Muito baixo,#F40000,754,Abadia dos Dourados/MG,0.0
Desastres geo-hidrológicos,60008,Gestão de risco de desastre,2015,,Presente,verylow,Muito baixo,#F40000,755,Abaeté/MG,0.0
Desastres geo-hidrológicos,60008,Gestão de risco de desastre,2015,,Presente,verylow,Muito baixo,#F40000,4564,Abaíra/BA,0.0
Desastres geo-hidrológicos,60008,Gestão de risco de desastre,2015,,Presente,verylow,Muito baixo,#F40000,4565,Abaré/BA,0.0
Desastres geo-hidrológicos,60008,Gestão de risco de desastre,2015,,Presente,verylow,Muito baixo,#F40000,2379,Abdon Batista/SC,0.0
Desastres geo-hidrológicos,60008,Gestão de risco de desastre,2015,,Presente,verylow,Muito baixo,#F40000,2939,Abel Figueiredo/PA,0.0
Desastres geo-hidrológicos,60008,Gestão de risco de desastre,2015,,Presente,verylow,Muito baixo,#F40000,756,Abre Campo/MG,0.0
Desastres geo-hidrológicos,60008,Gestão de risco de desastre,2015,,Presente,verylow,Muito baixo,#F40000,3048,Abreulândia/TO,0.0
Desastres geo-hidrológicos,60008,Gestão de risco de desastre,2015,,Presente,verylow,Muito baixo,#F40000,3187,Açailândia/MA,0.0
Desastres geo-hidrológicos,60008,Gestão de risco de desastre,2015,,Presente,verylow,Muito baixo,#F40000,2940,Acará/PA,0.0
Desastres geo-hidrológicos,60008,Gestão de risco de desastre,2015,,Presente,verylow,Muito baixo,#F40000,3629,Acarape/CE,0.0
Desastres geo-hidrológicos,60008,Gestão de risco de desastre,2015,,Presente,verylow,Muito baixo,#F40000,3812,Acari/RN,0.0
Desastres geo-hidrológicos,60008,Gestão de risco de desastre,2015,,Presente,verylow,Muito baixo,#F40000,128,Aceguá/RS,0.0
Desastres geo-hidrológicos,60008,Gestão de risco de desastre,2015,,Presente,verylow,Muito baixo,#F40000,3631,Acopiara/CE,0.0
Desastres geo-hidrológicos,60008,Gestão de risco de desastre,2015,,Presente,verylow,Muito baixo,#F40000,2821,Acrelândia/AC,0.0
Desastres geo-hidrológicos,60008,Gestão de risco de desastre,2015,,Presente,verylow,Muito baixo,#F40000,2646,Acreúna/GO,0.0
Desastres geo-hidrológicos,60008,Gestão de risco de desastre,2015,,Presente,verylow,Muito baixo,#F40000,1776,Adamantina/SP,0.0
Desastres geo-hidrológicos,60008,Gestão de risco de desastre,2015,,Presente,verylow,Muito baixo,#F40000,2647,Adelândia/GO,0.0
Desastres geo-hidrológicos,60008,Gestão de risco de desastre,2015,,Presente,verylow,Muito baixo,#F40000,1777,Adolfo/SP,0.0
Desastres geo-hidrológicos,60008,Gestão de risco de desastre,2015,,Presente,verylow,Muito baixo,#F40000,4567,Adustina/BA,0.0
Desastres geo-hidrológicos,60008,Gestão de risco de desastre,2015,,Presente,verylow,Muito baixo,#F40000,4203,Afogados da Ingazeira/PE,0.0
Desastres geo-hidrológicos,60008,Gestão de risco de desastre,2015,,Presente,verylow,Muito baixo,#F40000,3814,Afonso Bezerra/RN,0.0
Desastres geo-hidrológicos,60008,Gestão de risco de desastre,2015,,Presente,verylow,Muito baixo,#F40000,3188,Afonso Cunha/MA,0.0
Desastres geo-hidrológicos,60008,Gestão de risco de desastre,2015,,Presente,verylow,Muito baixo,#F40000,4204,Afrânio/PE,0.0
Desastres geo-hidrológicos,60008,Gestão de risco de desastre,2015,,Presente,verylow,Muito baixo,#F40000,5029,Afuá/PA,0.0
Desastres geo-hidrológicos,60008,Gestão de risco de desastre,2015,,Presente,verylow,Muito baixo,#F40000,3405,Agricolândia/PI,0.0
Desastres geo-hidrológicos,60008,Gestão de risco de desastre,2015,,Presente,verylow,Muito baixo,#F40000,3406,Água Branca/PI,0.0
Desastres geo-hidrológicos,60008,Gestão de risco de desastre,2015,,Presente,verylow,Muito baixo,#F40000,522,Água Clara/MS,0.0
Desastres geo-hidrológicos,60008,Gestão de risco de desastre,2015,,Presente,verylow,Muito baixo,#F40000,760,Água Comprida/MG,0.0
Desastres geo-hidrológicos,60008,Gestão de risco de desastre,2015,,Presente,verylow,Muito baixo,#F40000,3189,Água Doce do Maranhão/MA,0.0
Desastres geo-hidrológicos,60008,Gestão de risco de desastre,2015,,Presente,verylow,Muito baixo,#F40000,4568,Água Fria/BA,0.0
Desastres geo-hidrológicos,60008,Gestão de risco de desastre,2015,,Presente,verylow,Muito baixo,#F40000,2648,Água Fria de Goiás/GO,0.0
Desastres geo-hidrológicos,60008,Gestão de risco de desastre,2015,,Presente,verylow,Muito baixo,#F40000,2649,Água Limpa/GO,0.0
Desastres geo-hidrológicos,60008,Gestão de risco de desastre,2015,,Presente,verylow,Muito baixo,#F40000,761,Aguanil/MG,0.0
Desastres geo-hidrológicos,60008,Gestão de risco de desastre,2015,,Presente,verylow,Muito baixo,#F40000,3815,Água Nova/RN,0.0
Desastres geo-hidrológicos,60008,Gestão de risco de desastre,2015,,Presente,verylow,Muito baixo,#F40000,1779,Águas da Prata/SP,0.0
Desastres geo-hidrológicos,60008,Gestão de risco de desastre,2015,,Presente,verylow,Muito baixo,#F40000,1781,Águas de Santa Bárbara/SP,0.0
Desastres geo-hidrológicos,60008,Gestão de risco de desastre,2015,,Presente,verylow,Muito baixo,#F40000,762,Águas Formosas/MG,0.0
Desastres geo-hidrológicos,60008,Gestão de risco de desastre,2015,,Presente,verylow,Muito baixo,#F40000,763,Águas Vermelhas/MG,0.0
Desastres geo-hidrológicos,60008,Gestão de risco de desastre,2015,,Presente,verylow,Muito baixo,#F40000,5312,Agudos do Sul/PR,0.0
Desastres geo-hidrológicos,60008,Gestão de risco de desastre,2015,,Presente,verylow,Muito baixo,#F40000,3049,Aguiarnópolis/TO,0.0
Desastres geo-hidrológicos,60008,Gestão de risco de desastre,2015,,Presente,verylow,Muito baixo,#F40000,3980,Aguiar/PB,0.0
Desastres geo-hidrológicos,60008,Gestão de risco de desastre,2015,,Presente,verylow,Muito baixo,#F40000,4570,Aiquara/BA,0.0
Desastres geo-hidrológicos,60008,Gestão de risco de desastre,2015,,Presente,verylow,Muito baixo,#F40000,765,Aiuruoca/MG,0.0
Desastres geo-hidrológicos,60008,Gestão de risco de desastre,2015,,Presente,verylow,Muito baixo,#F40000,766,Alagoa/MG,0.0
Desastres geo-hidrológicos,60008,Gestão de risco de desastre,2015,,Presente,verylow,Muito baixo,#F40000,3982,Alagoa Nova/PB,0.0
Desastres geo-hidrológicos,60008,Gestão de risco de desastre,2015,,Presente,verylow,Muito baixo,#F40000,3983,Alagoinha/PB,0.0
Desastres geo-hidrológicos,60008,Gestão de risco de desastre,2015,,Presente,verylow,Muito baixo,#F40000,4571,Alagoinhas/BA,0.0
Desastres geo-hidrológicos,60008,Gestão de risco de desastre,2015,,Presente,verylow,Muito baixo,#F40000,3984,Alcantil/PB,0.0
Desastres geo-hidrológicos,60008,Gestão de risco de desastre,2015,,Presente,verylow,Muito baixo,#F40000,670,Alcobaça/BA,0.0
Desastres geo-hidrológicos,60008,Gestão de risco de desastre,2015,,Presente,verylow,Muito baixo,#F40000,3191,Aldeias Altas/MA,0.0
Desastres geo-hidrológicos,60008,Gestão de risco de desastre,2015,,Presente,verylow,Muito baixo,#F40000,132,Alecrim/RS,0.0
Desastres geo-hidrológicos,60008,Gestão de risco de desastre,2015,,Presente,verylow,Muito baixo,#F40000,134,Alegria/RS,0.0
Desastres geo-hidrológicos,60008,Gestão de risco de desastre,2015,,Presente,verylow,Muito baixo,#F40000,3816,Alexandria/RN,0.0
Desastres geo-hidrológicos,60008,Gestão de risco de desastre,2015,,Presente,verylow,Muito baixo,#F40000,2651,Alexânia/GO,0.0
Desastres geo-hidrológicos,60008,Gestão de risco de desastre,2015,,Presente,verylow,Muito baixo,#F40000,769,Alfenas/MG,0.0
Desastres geo-hidrológicos,60008,Gestão de risco de desastre,2015,,Presente,verylow,Muito baixo,#F40000,770,Alfredo Vasconcelos/MG,0.0
Desastres geo-hidrológicos,60008,Gestão de risco de desastre,2015,,Presente,verylow,Muito baixo,#F40000,3985,Algodão de Jandaíra/PB,0.0
Desastres geo-hidrológicos,60008,Gestão de risco de desastre,2015,,Presente,verylow,Muito baixo,#F40000,3050,Aliança do Tocantins/TO,0.0
Desastres geo-hidrológicos,60008,Gestão de risco de desastre,2015,,Presente,verylow,Muito baixo,#F40000,4209,Aliança/PE,0.0
Desastres geo-hidrológicos,60008,Gestão de risco de desastre,2015,,Presente,verylow,Muito baixo,#F40000,671,Almadina/BA,0.0
Desastres geo-hidrológicos,60008,Gestão de risco de desastre,2015,,Presente,verylow,Muito baixo,#F40000,3051,Almas/TO,0.0
Desastres geo-hidrológicos,60008,Gestão de risco de desastre,2015,,Presente,verylow,Muito baixo,#F40000,771,Almenara/MG,0.0
Desastres geo-hidrológicos,60008,Gestão de risco de desastre,2015,,Presente,verylow,Muito baixo,#F40000,3817,Almino Afonso/RN,0.0
Desastres geo-hidrológicos,60008,Gestão de risco de desastre,2015,,Presente,verylow,Muito baixo,#F40000,135,Almirante Tamandaré do Sul/RS,0.0
Desastres geo-hidrológicos,60008,Gestão de risco de desastre,2015,,Presente,verylow,Muito baixo,#F40000,2652,Aloândia/GO,0.0
Desastres geo-hidrológicos,60008,Gestão de risco de desastre,2015,,Presente,verylow,Muito baixo,#F40000,773,Alpinópolis/MG,0.0
Desastres geo-hidrológicos,60008,Gestão de risco de desastre,2015,,Presente,verylow,Muito baixo,#F40000,5521,Alta Floresta D'Oeste/RO,0.0
Desastres geo-hidrológicos,60008,Gestão de risco de desastre,2015,,Presente,verylow,Muito baixo,#F40000,3192,Altamira do Maranhão/MA,0.0
Desastres geo-hidrológicos,60008,Gestão de risco de desastre,2015,,Presente,verylow,Muito baixo,#F40000,3634,Altaneira/CE,0.0
Desastres geo-hidrológicos,60008,Gestão de risco de desastre,2015,,Presente,verylow,Muito baixo,#F40000,1786,Altinópolis/SP,0.0
Desastres geo-hidrológicos,60008,Gestão de risco de desastre,2015,,Presente,verylow,Muito baixo,#F40000,5546,Alto Alegre dos Parecis/RO,0.0
Desastres geo-hidrológicos,60008,Gestão de risco de desastre,2015,,Presente,verylow,Muito baixo,#F40000,137,Alto Alegre/RS,0.0
Desastres geo-hidrológicos,60008,Gestão de risco de desastre,2015,,Presente,verylow,Muito baixo,#F40000,30,Alto Bela Vista/SC,0.0
Desastres geo-hidrológicos,60008,Gestão de risco de desastre,2015,,Presente,verylow,Muito baixo,#F40000,600,Alto Garças/MT,0.0
Desastres geo-hidrológicos,60008,Gestão de risco de desastre,2015,,Presente,verylow,Muito baixo,#F40000,5010,Alto Horizonte/GO,0.0
Desastres geo-hidrológicos,60008,Gestão de risco de desastre,2015,,Presente,verylow,Muito baixo,#F40000,1376,Alto Jequitibá/MG,0.0
Desastres geo-hidrológicos,60008,Gestão de risco de desastre,2015,,Presente,verylow,Muito baixo,#F40000,3409,Alto Longá/PI,0.0
Desastres geo-hidrológicos,60008,Gestão de risco de desastre,2015,,Presente,verylow,Muito baixo,#F40000,5061,Altônia/PR,0.0
Desastres geo-hidrológicos,60008,Gestão de risco de desastre,2015,,Presente,verylow,Muito baixo,#F40000,601,Alto Paraguai/MT,0.0
Desastres geo-hidrológicos,60008,Gestão de risco de desastre,2015,,Presente,verylow,Muito baixo,#F40000,5547,Alto Paraíso/RO,0.0
Desastres geo-hidrológicos,60008,Gestão de risco de desastre,2015,,Presente,verylow,Muito baixo,#F40000,776,Alto Rio Doce/MG,0.0
Desastres geo-hidrológicos,60008,Gestão de risco de desastre,2015,,Presente,verylow,Muito baixo,#F40000,3410,Altos/PI,0.0
Desastres geo-hidrológicos,60008,Gestão de risco de desastre,2015,,Presente,verylow,Muito baixo,#F40000,602,Alto Taquari/MT,0.0
Desastres geo-hidrológicos,60008,Gestão de risco de desastre,2015,,Presente,verylow,Muito baixo,#F40000,5459,Alvarães/AM,0.0
Desastres geo-hidrológicos,60008,Gestão de risco de desastre,2015,,Presente,verylow,Muito baixo,#F40000,5545,Alvorada D'Oeste/RO,0.0
Desastres geo-hidrológicos,60008,Gestão de risco de desastre,2015,,Presente,verylow,Muito baixo,#F40000,3411,Alvorada do Gurguéia/PI,0.0
Desastres geo-hidrológicos,60008,Gestão de risco de desastre,2015,,Presente,verylow,Muito baixo,#F40000,2653,Alvorada do Norte/GO,0.0
Desastres geo-hidrológicos,60008,Gestão de risco de desastre,2015,,Presente,verylow,Muito baixo,#F40000,2565,Alvorada/RS,0.0
Desastres geo-hidrológicos,60008,Gestão de risco de desastre,2015,,Presente,verylow,Muito baixo,#F40000,3052,Alvorada/TO,0.0
Desastres geo-hidrológicos,60008,Gestão de risco de desastre,2015,,Presente,verylow,Muito baixo,#F40000,524,Amambai/MS,0.0
Desastres geo-hidrológicos,60008,Gestão de risco de desastre,2015,,Presente,verylow,Muito baixo,#F40000,3196,Amapá do Maranhão/MA,0.0
Desastres geo-hidrológicos,60008,Gestão de risco de desastre,2015,,Presente,verylow,Muito baixo,#F40000,138,Amaral Ferrador/RS,0.0
Desastres geo-hidrológicos,60008,Gestão de risco de desastre,2015,,Presente,verylow,Muito baixo,#F40000,4872,Amaralina/GO,0.0
Desastres geo-hidrológicos,60008,Gestão de risco de desastre,2015,,Presente,verylow,Muito baixo,#F40000,3197,Amarante do Maranhão/MA,0.0
Desastres geo-hidrológicos,60008,Gestão de risco de desastre,2015,,Presente,verylow,Muito baixo,#F40000,3412,Amarante/PI,0.0
Desastres geo-hidrológicos,60008,Gestão de risco de desastre,2015,,Presente,verylow,Muito baixo,#F40000,4572,Amargosa/BA,0.0
Desastres geo-hidrológicos,60008,Gestão de risco de desastre,2015,,Presente,verylow,Muito baixo,#F40000,2654,Americano do Brasil/GO,0.0
Desastres geo-hidrológicos,60008,Gestão de risco de desastre,2015,,Presente,verylow,Muito baixo,#F40000,1793,Américo Brasiliense/SP,0.0
Desastres geo-hidrológicos,60008,Gestão de risco de desastre,2015,,Presente,verylow,Muito baixo,#F40000,2655,Amorinópolis/GO,0.0
Desastres geo-hidrológicos,60008,Gestão de risco de desastre,2015,,Presente,verylow,Muito baixo,#F40000,4489,Amparo de São Francisco/SE,0.0
Desastres geo-hidrológicos,60008,Gestão de risco de desastre,2015,,Presente,verylow,Muito baixo,#F40000,780,Amparo do Serra/MG,0.0
Desastres geo-hidrológicos,60008,Gestão de risco de desastre,2015,,Presente,verylow,Muito baixo,#F40000,3988,Amparo/PB,0.0
Desastres geo-hidrológicos,60008,Gestão de risco de desastre,2015,,Presente,verylow,Muito baixo,#F40000,5065,Ampére/PR,0.0
Desastres geo-hidrológicos,60008,Gestão de risco de desastre,2015,,Presente,verylow,Muito baixo,#F40000,672,Anagé/BA,0.0
Desastres geo-hidrológicos,60008,Gestão de risco de desastre,2015,,Presente,verylow,Muito baixo,#F40000,5066,Anahy/PR,0.0
Desastres geo-hidrológicos,60008,Gestão de risco de desastre,2015,,Presente,verylow,Muito baixo,#F40000,2942,Anajás/PA,0.0
Desastres geo-hidrológicos,60008,Gestão de risco de desastre,2015,,Presente,verylow,Muito baixo,#F40000,3198,Anajatuba/MA,0.0
Desastres geo-hidrológicos,60008,Gestão de risco de desastre,2015,,Presente,verylow,Muito baixo,#F40000,1796,Analândia/SP,0.0
Desastres geo-hidrológicos,60008,Gestão de risco de desastre,2015,,Presente,verylow,Muito baixo,#F40000,3053,Ananás/TO,0.0
Desastres geo-hidrológicos,60008,Gestão de risco de desastre,2015,,Presente,verylow,Muito baixo,#F40000,2943,Ananindeua/PA,0.0
Desastres geo-hidrológicos,60008,Gestão de risco de desastre,2015,,Presente,verylow,Muito baixo,#F40000,3199,Anapurus/MA,0.0
Desastres geo-hidrológicos,60008,Gestão de risco de desastre,2015,,Presente,verylow,Muito baixo,#F40000,525,Anastácio/MS,0.0
Desastres geo-hidrológicos,60008,Gestão de risco de desastre,2015,,Presente,verylow,Muito baixo,#F40000,4575,Andaraí/BA,0.0
Desastres geo-hidrológicos,60008,Gestão de risco de desastre,2015,,Presente,verylow,Muito baixo,#F40000,5315,Andirá/PR,0.0
Desastres geo-hidrológicos,60008,Gestão de risco de desastre,2015,,Presente,verylow,Muito baixo,#F40000,781,Andradas/MG,0.0
Desastres geo-hidrológicos,60008,Gestão de risco de desastre,2015,,Presente,verylow,Muito baixo,#F40000,4897,Andradina/SP,0.0
Desastres geo-hidrológicos,60008,Gestão de risco de desastre,2015,,Presente,verylow,Muito baixo,#F40000,783,Andrelândia/MG,0.0
Desastres geo-hidrológicos,60008,Gestão de risco de desastre,2015,,Presente,verylow,Muito baixo,#F40000,784,Angelândia/MG,0.0
Desastres geo-hidrológicos,60008,Gestão de risco de desastre,2015,,Presente,verylow,Muito baixo,#F40000,2384,Angelina/SC,0.0
Desastres geo-hidrológicos,60008,Gestão de risco de desastre,2015,,Presente,verylow,Muito baixo,#F40000,4577,Angical/BA,0.0
Desastres geo-hidrológicos,60008,Gestão de risco de desastre,2015,,Presente,verylow,Muito baixo,#F40000,3413,Angical do Piauí/PI,0.0
Desastres geo-hidrológicos,60008,Gestão de risco de desastre,2015,,Presente,verylow,Muito baixo,#F40000,3054,Angico/TO,0.0
Desastres geo-hidrológicos,60008,Gestão de risco de desastre,2015,,Presente,verylow,Muito baixo,#F40000,4578,Anguera/BA,0.0
Desastres geo-hidrológicos,60008,Gestão de risco de desastre,2015,,Presente,verylow,Muito baixo,#F40000,5067,Ângulo/PR,0.0
Desastres geo-hidrológicos,60008,Gestão de risco de desastre,2015,,Presente,verylow,Muito baixo,#F40000,2657,Anhanguera/GO,0.0
Desastres geo-hidrológicos,60008,Gestão de risco de desastre,2015,,Presente,verylow,Muito baixo,#F40000,1798,Anhembi/SP,0.0
Desastres geo-hidrológicos,60008,Gestão de risco de desastre,2015,,Presente,verylow,Muito baixo,#F40000,4898,Anhumas/SP,0.0
Desastres geo-hidrológicos,60008,Gestão de risco de desastre,2015,,Presente,verylow,Muito baixo,#F40000,2658,Anicuns/GO,0.0
Desastres geo-hidrológicos,60008,Gestão de risco de desastre,2015,,Presente,verylow,Muito baixo,#F40000,3414,Anísio de Abreu/PI,0.0
Desastres geo-hidrológicos,60008,Gestão de risco de desastre,2015,,Presente,verylow,Muito baixo,#F40000,4579,Antas/BA,0.0
Desastres geo-hidrológicos,60008,Gestão de risco de desastre,2015,,Presente,verylow,Muito baixo,#F40000,3637,Antonina do Norte/CE,0.0
Desastres geo-hidrológicos,60008,Gestão de risco de desastre,2015,,Presente,verylow,Muito baixo,#F40000,3415,Antônio Almeida/PI,0.0
Desastres geo-hidrológicos,60008,Gestão de risco de desastre,2015,,Presente,verylow,Muito baixo,#F40000,4580,Antônio Cardoso/BA,0.0
Desastres geo-hidrológicos,60008,Gestão de risco de desastre,2015,,Presente,verylow,Muito baixo,#F40000,785,Antônio Carlos/MG,0.0
Desastres geo-hidrológicos,60008,Gestão de risco de desastre,2015,,Presente,verylow,Muito baixo,#F40000,786,Antônio Dias/MG,0.0
Desastres geo-hidrológicos,60008,Gestão de risco de desastre,2015,,Presente,verylow,Muito baixo,#F40000,4581,Antônio Gonçalves/BA,0.0
Desastres geo-hidrológicos,60008,Gestão de risco de desastre,2015,,Presente,verylow,Muito baixo,#F40000,3820,Antônio Martins/RN,0.0
Desastres geo-hidrológicos,60008,Gestão de risco de desastre,2015,,Presente,verylow,Muito baixo,#F40000,2659,Aparecida de Goiânia/GO,0.0
Desastres geo-hidrológicos,60008,Gestão de risco de desastre,2015,,Presente,verylow,Muito baixo,#F40000,4966,Aparecida do Rio Doce/GO,0.0
Desastres geo-hidrológicos,60008,Gestão de risco de desastre,2015,,Presente,verylow,Muito baixo,#F40000,4945,Aparecida do Taboado/MS,0.0
Desastres geo-hidrológicos,60008,Gestão de risco de desastre,2015,,Presente,verylow,Muito baixo,#F40000,2889,Apiacás/MT,0.0
Desastres geo-hidrológicos,60008,Gestão de risco de desastre,2015,,Presente,verylow,Muito baixo,#F40000,3200,Apicum-Açu/MA,0.0
Desastres geo-hidrológicos,60008,Gestão de risco de desastre,2015,,Presente,verylow,Muito baixo,#F40000,4582,Aporá/BA,0.0
Desastres geo-hidrológicos,60008,Gestão de risco de desastre,2015,,Presente,verylow,Muito baixo,#F40000,658,Aporé/GO,0.0
Desastres geo-hidrológicos,60008,Gestão de risco de desastre,2015,,Presente,verylow,Muito baixo,#F40000,4583,Apuarema/BA,0.0
Desastres geo-hidrológicos,60008,Gestão de risco de desastre,2015,,Presente,verylow,Muito baixo,#F40000,4490,Aquidabã/SE,0.0
Desastres geo-hidrológicos,60008,Gestão de risco de desastre,2015,,Presente,verylow,Muito baixo,#F40000,32,Arabutã/SC,0.0
Desastres geo-hidrológicos,60008,Gestão de risco de desastre,2015,,Presente,verylow,Muito baixo,#F40000,3990,Araçagi/PB,0.0
Desastres geo-hidrológicos,60008,Gestão de risco de desastre,2015,,Presente,verylow,Muito baixo,#F40000,1802,Araçariguama/SP,0.0
Desastres geo-hidrológicos,60008,Gestão de risco de desastre,2015,,Presente,verylow,Muito baixo,#F40000,4584,Araçás/BA,0.0
Desastres geo-hidrológicos,60008,Gestão de risco de desastre,2015,,Presente,verylow,Muito baixo,#F40000,3640,Aracati/CE,0.0
Desastres geo-hidrológicos,60008,Gestão de risco de desastre,2015,,Presente,verylow,Muito baixo,#F40000,4585,Araci/BA,0.0
Desastres geo-hidrológicos,60008,Gestão de risco de desastre,2015,,Presente,verylow,Muito baixo,#F40000,3641,Aracoiaba/CE,0.0
Desastres geo-hidrológicos,60008,Gestão de risco de desastre,2015,,Presente,verylow,Muito baixo,#F40000,1804,Araçoiaba da Serra/SP,0.0
Desastres geo-hidrológicos,60008,Gestão de risco de desastre,2015,,Presente,verylow,Muito baixo,#F40000,4213,Araçoiaba/PE,0.0
Desastres geo-hidrológicos,60008,Gestão de risco de desastre,2015,,Presente,verylow,Muito baixo,#F40000,2660,Araçu/GO,0.0
Desastres geo-hidrológicos,60008,Gestão de risco de desastre,2015,,Presente,verylow,Muito baixo,#F40000,3056,Aragominas/TO,0.0
Desastres geo-hidrológicos,60008,Gestão de risco de desastre,2015,,Presente,verylow,Muito baixo,#F40000,3057,Araguacema/TO,0.0
Desastres geo-hidrológicos,60008,Gestão de risco de desastre,2015,,Presente,verylow,Muito baixo,#F40000,3058,Araguaçu/TO,0.0
Desastres geo-hidrológicos,60008,Gestão de risco de desastre,2015,,Presente,verylow,Muito baixo,#F40000,4949,Araguaiana/MT,0.0
Desastres geo-hidrológicos,60008,Gestão de risco de desastre,2015,,Presente,verylow,Muito baixo,#F40000,603,Araguainha/MT,0.0
Desastres geo-hidrológicos,60008,Gestão de risco de desastre,2015,,Presente,verylow,Muito baixo,#F40000,2662,Araguapaz/GO,0.0
Desastres geo-hidrológicos,60008,Gestão de risco de desastre,2015,,Presente,verylow,Muito baixo,#F40000,791,Araguari/MG,0.0
Desastres geo-hidrológicos,60008,Gestão de risco de desastre,2015,,Presente,verylow,Muito baixo,#F40000,530,Aral Moreira/MS,0.0
Desastres geo-hidrológicos,60008,Gestão de risco de desastre,2015,,Presente,verylow,Muito baixo,#F40000,4586,Aramari/BA,0.0
Desastres geo-hidrológicos,60008,Gestão de risco de desastre,2015,,Presente,verylow,Muito baixo,#F40000,1805,Aramina/SP,0.0
Desastres geo-hidrológicos,60008,Gestão de risco de desastre,2015,,Presente,verylow,Muito baixo,#F40000,1806,Arandu/SP,0.0
Desastres geo-hidrológicos,60008,Gestão de risco de desastre,2015,,Presente,verylow,Muito baixo,#F40000,1807,Arapeí/SP,0.0
Desastres geo-hidrológicos,60008,Gestão de risco de desastre,2015,,Presente,verylow,Muito baixo,#F40000,5436,Arapongas/PR,0.0
Desastres geo-hidrológicos,60008,Gestão de risco de desastre,2015,,Presente,verylow,Muito baixo,#F40000,795,Arapuá/MG,0.0
Desastres geo-hidrológicos,60008,Gestão de risco de desastre,2015,,Presente,verylow,Muito baixo,#F40000,604,Araputanga/MT,0.0
Desastres geo-hidrológicos,60008,Gestão de risco de desastre,2015,,Presente,verylow,Muito baixo,#F40000,3991,Arara/PB,0.0
Desastres geo-hidrológicos,60008,Gestão de risco de desastre,2015,,Presente,verylow,Muito baixo,#F40000,1808,Araraquara/SP,0.0
Desastres geo-hidrológicos,60008,Gestão de risco de desastre,2015,,Presente,verylow,Muito baixo,#F40000,3643,Araripe/CE,0.0
Desastres geo-hidrológicos,60008,Gestão de risco de desastre,2015,,Presente,verylow,Muito baixo,#F40000,4214,Araripina/PE,0.0
Desastres geo-hidrológicos,60008,Gestão de risco de desastre,2015,,Presente,verylow,Muito baixo,#F40000,3992,Araruna/PB,0.0
Desastres geo-hidrológicos,60008,Gestão de risco de desastre,2015,,Presente,verylow,Muito baixo,#F40000,5069,Araruna/PR,0.0
Desastres geo-hidrológicos,60008,Gestão de risco de desastre,2015,,Presente,verylow,Muito baixo,#F40000,673,Arataca/BA,0.0
Desastres geo-hidrológicos,60008,Gestão de risco de desastre,2015,,Presente,verylow,Muito baixo,#F40000,4587,Aratuípe/BA,0.0
Desastres geo-hidrológicos,60008,Gestão de risco de desastre,2015,,Presente,verylow,Muito baixo,#F40000,796,Araújos/MG,0.0
Desastres geo-hidrológicos,60008,Gestão de risco de desastre,2015,,Presente,verylow,Muito baixo,#F40000,798,Arceburgo/MG,0.0
Desastres geo-hidrológicos,60008,Gestão de risco de desastre,2015,,Presente,verylow,Muito baixo,#F40000,1810,Arco-Íris/SP,0.0
Desastres geo-hidrológicos,60008,Gestão de risco de desastre,2015,,Presente,verylow,Muito baixo,#F40000,1811,Arealva/SP,0.0
Desastres geo-hidrológicos,60008,Gestão de risco de desastre,2015,,Presente,verylow,Muito baixo,#F40000,3822,Areia Branca/RN,0.0
Desastres geo-hidrológicos,60008,Gestão de risco de desastre,2015,,Presente,verylow,Muito baixo,#F40000,4493,Areia Branca/SE,0.0
Desastres geo-hidrológicos,60008,Gestão de risco de desastre,2015,,Presente,verylow,Muito baixo,#F40000,3994,Areia de Baraúnas/PB,0.0
Desastres geo-hidrológicos,60008,Gestão de risco de desastre,2015,,Presente,verylow,Muito baixo,#F40000,3995,Areial/PB,0.0
Desastres geo-hidrológicos,60008,Gestão de risco de desastre,2015,,Presente,verylow,Muito baixo,#F40000,3993,Areia/PB,0.0
Desastres geo-hidrológicos,60008,Gestão de risco de desastre,2015,,Presente,verylow,Muito baixo,#F40000,1812,Areias/SP,0.0
Desastres geo-hidrológicos,60008,Gestão de risco de desastre,2015,,Presente,verylow,Muito baixo,#F40000,1813,Areiópolis/SP,0.0
Desastres geo-hidrológicos,60008,Gestão de risco de desastre,2015,,Presente,verylow,Muito baixo,#F40000,4967,Arenópolis/GO,0.0
Desastres geo-hidrológicos,60008,Gestão de risco de desastre,2015,,Presente,verylow,Muito baixo,#F40000,3823,Arês/RN,0.0
Desastres geo-hidrológicos,60008,Gestão de risco de desastre,2015,,Presente,verylow,Muito baixo,#F40000,801,Argirita/MG,0.0
Desastres geo-hidrológicos,60008,Gestão de risco de desastre,2015,,Presente,verylow,Muito baixo,#F40000,5070,Ariranha do Ivaí/PR,0.0
Desastres geo-hidrológicos,60008,Gestão de risco de desastre,2015,,Presente,verylow,Muito baixo,#F40000,1688,Armação dos Búzios/RJ,0.0
Desastres geo-hidrológicos,60008,Gestão de risco de desastre,2015,,Presente,verylow,Muito baixo,#F40000,3645,Arneiroz/CE,0.0
Desastres geo-hidrológicos,60008,Gestão de risco de desastre,2015,,Presente,verylow,Muito baixo,#F40000,3416,Aroazes/PI,0.0
Desastres geo-hidrológicos,60008,Gestão de risco de desastre,2015,,Presente,verylow,Muito baixo,#F40000,3418,Arraial/PI,0.0
Desastres geo-hidrológicos,60008,Gestão de risco de desastre,2015,,Presente,verylow,Muito baixo,#F40000,3063,Arraias/TO,0.0
Desastres geo-hidrológicos,60008,Gestão de risco de desastre,2015,,Presente,verylow,Muito baixo,#F40000,143,Arroio do Meio/RS,0.0
Desastres geo-hidrológicos,60008,Gestão de risco de desastre,2015,,Presente,verylow,Muito baixo,#F40000,144,Arroio do Padre/RS,0.0
Desastres geo-hidrológicos,60008,Gestão de risco de desastre,2015,,Presente,verylow,Muito baixo,#F40000,2392,Arroio Trinta/SC,0.0
Desastres geo-hidrológicos,60008,Gestão de risco de desastre,2015,,Presente,verylow,Muito baixo,#F40000,1816,Arujá/SP,0.0
Desastres geo-hidrológicos,60008,Gestão de risco de desastre,2015,,Presente,verylow,Muito baixo,#F40000,3646,Assaré/CE,0.0
Desastres geo-hidrológicos,60008,Gestão de risco de desastre,2015,,Presente,verylow,Muito baixo,#F40000,2822,Assis Brasil/AC,0.0
Desastres geo-hidrológicos,60008,Gestão de risco de desastre,2015,,Presente,verylow,Muito baixo,#F40000,3997,Assunção/PB,0.0
Desastres geo-hidrológicos,60008,Gestão de risco de desastre,2015,,Presente,verylow,Muito baixo,#F40000,5072,Astorga/PR,0.0
Desastres geo-hidrológicos,60008,Gestão de risco de desastre,2015,,Presente,verylow,Muito baixo,#F40000,5464,Atalaia do Norte/AM,0.0
Desastres geo-hidrológicos,60008,Gestão de risco de desastre,2015,,Presente,verylow,Muito baixo,#F40000,2394,Atalanta/SC,0.0
Desastres geo-hidrológicos,60008,Gestão de risco de desastre,2015,,Presente,verylow,Muito baixo,#F40000,805,Ataléia/MG,0.0
Desastres geo-hidrológicos,60008,Gestão de risco de desastre,2015,,Presente,verylow,Muito baixo,#F40000,3064,Augustinópolis/TO,0.0
Desastres geo-hidrológicos,60008,Gestão de risco de desastre,2015,,Presente,verylow,Muito baixo,#F40000,2944,Augusto Corrêa/PA,0.0
Desastres geo-hidrológicos,60008,Gestão de risco de desastre,2015,,Presente,verylow,Muito baixo,#F40000,674,Aurelino Leal/BA,0.0
Desastres geo-hidrológicos,60008,Gestão de risco de desastre,2015,,Presente,verylow,Muito baixo,#F40000,1820,Auriflama/SP,0.0
Desastres geo-hidrológicos,60008,Gestão de risco de desastre,2015,,Presente,verylow,Muito baixo,#F40000,2663,Aurilândia/GO,0.0
Desastres geo-hidrológicos,60008,Gestão de risco de desastre,2015,,Presente,verylow,Muito baixo,#F40000,2945,Aurora do Pará/PA,0.0
Desastres geo-hidrológicos,60008,Gestão de risco de desastre,2015,,Presente,verylow,Muito baixo,#F40000,2395,Aurora/SC,0.0
Desastres geo-hidrológicos,60008,Gestão de risco de desastre,2015,,Presente,verylow,Muito baixo,#F40000,1821,Avaí/SP,0.0
Desastres geo-hidrológicos,60008,Gestão de risco de desastre,2015,,Presente,verylow,Muito baixo,#F40000,1822,Avanhandava/SP,0.0
Desastres geo-hidrológicos,60008,Gestão de risco de desastre,2015,,Presente,verylow,Muito baixo,#F40000,2664,Avelinópolis/GO,0.0
Desastres geo-hidrológicos,60008,Gestão de risco de desastre,2015,,Presente,verylow,Muito baixo,#F40000,3066,Axixá do Tocantins/TO,0.0
Desastres geo-hidrológicos,60008,Gestão de risco de desastre,2015,,Presente,verylow,Muito baixo,#F40000,3209,Bacurituba/MA,0.0
Desastres geo-hidrológicos,60008,Gestão de risco de desastre,2015,,Presente,verylow,Muito baixo,#F40000,1824,Bady Bassitt/SP,0.0
Desastres geo-hidrológicos,60008,Gestão de risco de desastre,2015,,Presente,verylow,Muito baixo,#F40000,3998,Baía da Traição/PB,0.0
Desastres geo-hidrológicos,60008,Gestão de risco de desastre,2015,,Presente,verylow,Muito baixo,#F40000,4588,Baianópolis/BA,0.0
Desastres geo-hidrológicos,60008,Gestão de risco de desastre,2015,,Presente,verylow,Muito baixo,#F40000,4589,Baixa Grande/BA,0.0
Desastres geo-hidrológicos,60008,Gestão de risco de desastre,2015,,Presente,verylow,Muito baixo,#F40000,3421,Baixa Grande do Ribeiro/PI,0.0
Desastres geo-hidrológicos,60008,Gestão de risco de desastre,2015,,Presente,verylow,Muito baixo,#F40000,3648,Baixio/CE,0.0
Desastres geo-hidrológicos,60008,Gestão de risco de desastre,2015,,Presente,verylow,Muito baixo,#F40000,808,Baldim/MG,0.0
Desastres geo-hidrológicos,60008,Gestão de risco de desastre,2015,,Presente,verylow,Muito baixo,#F40000,2396,Balneário Arroio do Silva/SC,0.0
Desastres geo-hidrológicos,60008,Gestão de risco de desastre,2015,,Presente,verylow,Muito baixo,#F40000,2399,Balneário Gaivota/SC,0.0
Desastres geo-hidrológicos,60008,Gestão de risco de desastre,2015,,Presente,verylow,Muito baixo,#F40000,2568,Balneário Pinhal/RS,0.0
Desastres geo-hidrológicos,60008,Gestão de risco de desastre,2015,,Presente,verylow,Muito baixo,#F40000,2563,Balneário Rincão/SC,0.0
Desastres geo-hidrológicos,60008,Gestão de risco de desastre,2015,,Presente,verylow,Muito baixo,#F40000,3649,Banabuiú/CE,0.0
Desastres geo-hidrológicos,60008,Gestão de risco de desastre,2015,,Presente,verylow,Muito baixo,#F40000,1827,Bananal/SP,0.0
Desastres geo-hidrológicos,60008,Gestão de risco de desastre,2015,,Presente,verylow,Muito baixo,#F40000,34,Bandeirante/SC,0.0
Desastres geo-hidrológicos,60008,Gestão de risco de desastre,2015,,Presente,verylow,Muito baixo,#F40000,3068,Bandeirantes do Tocantins/TO,0.0
Desastres geo-hidrológicos,60008,Gestão de risco de desastre,2015,,Presente,verylow,Muito baixo,#F40000,531,Bandeirantes/MS,0.0
Desastres geo-hidrológicos,60008,Gestão de risco de desastre,2015,,Presente,verylow,Muito baixo,#F40000,5322,Bandeirantes/PR,0.0
Desastres geo-hidrológicos,60008,Gestão de risco de desastre,2015,,Presente,verylow,Muito baixo,#F40000,2948,Bannach/PA,0.0
Desastres geo-hidrológicos,60008,Gestão de risco de desastre,2015,,Presente,verylow,Muito baixo,#F40000,4590,Banzaê/BA,0.0
Desastres geo-hidrológicos,60008,Gestão de risco de desastre,2015,,Presente,verylow,Muito baixo,#F40000,1828,Barão de Antonina/SP,0.0
Desastres geo-hidrológicos,60008,Gestão de risco de desastre,2015,,Presente,verylow,Muito baixo,#F40000,812,Barão de Cocais/MG,0.0
Desastres geo-hidrológicos,60008,Gestão de risco de desastre,2015,,Presente,verylow,Muito baixo,#F40000,152,Barão de Cotegipe/RS,0.0
Desastres geo-hidrológicos,60008,Gestão de risco de desastre,2015,,Presente,verylow,Muito baixo,#F40000,3211,Barão de Grajaú/MA,0.0
Desastres geo-hidrológicos,60008,Gestão de risco de desastre,2015,,Presente,verylow,Muito baixo,#F40000,606,Barão de Melgaço/MT,0.0
Desastres geo-hidrológicos,60008,Gestão de risco de desastre,2015,,Presente,verylow,Muito baixo,#F40000,813,Barão de Monte Alto/MG,0.0
Desastres geo-hidrológicos,60008,Gestão de risco de desastre,2015,,Presente,verylow,Muito baixo,#F40000,4924,Barão/RS,0.0
Desastres geo-hidrológicos,60008,Gestão de risco de desastre,2015,,Presente,verylow,Muito baixo,#F40000,4000,Baraúna/PB,0.0
Desastres geo-hidrológicos,60008,Gestão de risco de desastre,2015,,Presente,verylow,Muito baixo,#F40000,3826,Baraúna/RN,0.0
Desastres geo-hidrológicos,60008,Gestão de risco de desastre,2015,,Presente,verylow,Muito baixo,#F40000,3650,Barbalha/CE,0.0
Desastres geo-hidrológicos,60008,Gestão de risco de desastre,2015,,Presente,verylow,Muito baixo,#F40000,5074,Barbosa Ferraz/PR,0.0
Desastres geo-hidrológicos,60008,Gestão de risco de desastre,2015,,Presente,verylow,Muito baixo,#F40000,2949,Barcarena/PA,0.0
Desastres geo-hidrológicos,60008,Gestão de risco de desastre,2015,,Presente,verylow,Muito baixo,#F40000,3827,Barcelona/RN,0.0
Desastres geo-hidrológicos,60008,Gestão de risco de desastre,2015,,Presente,verylow,Muito baixo,#F40000,5466,Barcelos/AM,0.0
Desastres geo-hidrológicos,60008,Gestão de risco de desastre,2015,,Presente,verylow,Muito baixo,#F40000,4925,Barracão/RS,0.0
Desastres geo-hidrológicos,60008,Gestão de risco de desastre,2015,,Presente,verylow,Muito baixo,#F40000,4592,Barra da Estiva/BA,0.0
Desastres geo-hidrológicos,60008,Gestão de risco de desastre,2015,,Presente,verylow,Muito baixo,#F40000,3422,Barra D'Alcântara/PI,0.0
Desastres geo-hidrológicos,60008,Gestão de risco de desastre,2015,,Presente,verylow,Muito baixo,#F40000,4001,Barra de Santana/PB,0.0
Desastres geo-hidrológicos,60008,Gestão de risco de desastre,2015,,Presente,verylow,Muito baixo,#F40000,4002,Barra de Santa Rosa/PB,0.0
Desastres geo-hidrológicos,60008,Gestão de risco de desastre,2015,,Presente,verylow,Muito baixo,#F40000,675,Barra do Choça/BA,0.0
Desastres geo-hidrológicos,60008,Gestão de risco de desastre,2015,,Presente,verylow,Muito baixo,#F40000,3212,Barra do Corda/MA,0.0
Desastres geo-hidrológicos,60008,Gestão de risco de desastre,2015,,Presente,verylow,Muito baixo,#F40000,4593,Barra do Mendes/BA,0.0
Desastres geo-hidrológicos,60008,Gestão de risco de desastre,2015,,Presente,verylow,Muito baixo,#F40000,3069,Barra do Ouro/TO,0.0
Desastres geo-hidrológicos,60008,Gestão de risco de desastre,2015,,Presente,verylow,Muito baixo,#F40000,1690,Barra do Piraí/RJ,0.0
Desastres geo-hidrológicos,60008,Gestão de risco de desastre,2015,,Presente,verylow,Muito baixo,#F40000,155,Barra do Quaraí/RS,0.0
Desastres geo-hidrológicos,60008,Gestão de risco de desastre,2015,,Presente,verylow,Muito baixo,#F40000,4926,Barra do Ribeiro/RS,0.0
Desastres geo-hidrológicos,60008,Gestão de risco de desastre,2015,,Presente,verylow,Muito baixo,#F40000,156,Barra do Rio Azul/RS,0.0
Desastres geo-hidrológicos,60008,Gestão de risco de desastre,2015,,Presente,verylow,Muito baixo,#F40000,4494,Barra dos Coqueiros/SE,0.0
Desastres geo-hidrológicos,60008,Gestão de risco de desastre,2015,,Presente,verylow,Muito baixo,#F40000,157,Barra Funda/RS,0.0
Desastres geo-hidrológicos,60008,Gestão de risco de desastre,2015,,Presente,verylow,Muito baixo,#F40000,3424,Barreiras do Piauí/PI,0.0
Desastres geo-hidrológicos,60008,Gestão de risco de desastre,2015,,Presente,verylow,Muito baixo,#F40000,1835,Barrinha/SP,0.0
Desastres geo-hidrológicos,60008,Gestão de risco de desastre,2015,,Presente,verylow,Muito baixo,#F40000,4596,Barro Alto/BA,0.0
Desastres geo-hidrológicos,60008,Gestão de risco de desastre,2015,,Presente,verylow,Muito baixo,#F40000,2665,Barro Alto/GO,0.0
Desastres geo-hidrológicos,60008,Gestão de risco de desastre,2015,,Presente,verylow,Muito baixo,#F40000,4597,Barrocas/BA,0.0
Desastres geo-hidrológicos,60008,Gestão de risco de desastre,2015,,Presente,verylow,Muito baixo,#F40000,3652,Barro/CE,0.0
Desastres geo-hidrológicos,60008,Gestão de risco de desastre,2015,,Presente,verylow,Muito baixo,#F40000,3425,Barro Duro/PI,0.0
Desastres geo-hidrológicos,60008,Gestão de risco de desastre,2015,,Presente,verylow,Muito baixo,#F40000,3070,Barrolândia/TO,0.0
Desastres geo-hidrológicos,60008,Gestão de risco de desastre,2015,,Presente,verylow,Muito baixo,#F40000,676,Barro Preto/BA,0.0
Desastres geo-hidrológicos,60008,Gestão de risco de desastre,2015,,Presente,verylow,Muito baixo,#F40000,3653,Barroquinha/CE,0.0
Desastres geo-hidrológicos,60008,Gestão de risco de desastre,2015,,Presente,verylow,Muito baixo,#F40000,4393,Batalha/AL,0.0
Desastres geo-hidrológicos,60008,Gestão de risco de desastre,2015,,Presente,verylow,Muito baixo,#F40000,1840,Bebedouro/SP,0.0
Desastres geo-hidrológicos,60008,Gestão de risco de desastre,2015,,Presente,verylow,Muito baixo,#F40000,3214,Belágua/MA,0.0
Desastres geo-hidrológicos,60008,Gestão de risco de desastre,2015,,Presente,verylow,Muito baixo,#F40000,5324,Bela Vista do Paraíso/PR,0.0
Desastres geo-hidrológicos,60008,Gestão de risco de desastre,2015,,Presente,verylow,Muito baixo,#F40000,4394,Belém/AL,0.0
Desastres geo-hidrológicos,60008,Gestão de risco de desastre,2015,,Presente,verylow,Muito baixo,#F40000,4006,Belém do Brejo do Cruz/PB,0.0
Desastres geo-hidrológicos,60008,Gestão de risco de desastre,2015,,Presente,verylow,Muito baixo,#F40000,3428,Belém do Piauí/PI,0.0
Desastres geo-hidrológicos,60008,Gestão de risco de desastre,2015,,Presente,verylow,Muito baixo,#F40000,4219,Belém do São Francisco/PE,0.0
Desastres geo-hidrológicos,60008,Gestão de risco de desastre,2015,,Presente,verylow,Muito baixo,#F40000,4005,Belém/PB,0.0
Desastres geo-hidrológicos,60008,Gestão de risco de desastre,2015,,Presente,verylow,Muito baixo,#F40000,36,Belmonte/SC,0.0
Desastres geo-hidrológicos,60008,Gestão de risco de desastre,2015,,Presente,verylow,Muito baixo,#F40000,678,Belo Campo/BA,0.0
Desastres geo-hidrológicos,60008,Gestão de risco de desastre,2015,,Presente,verylow,Muito baixo,#F40000,4395,Belo Monte/AL,0.0
Desastres geo-hidrológicos,60008,Gestão de risco de desastre,2015,,Presente,verylow,Muito baixo,#F40000,2862,Belterra/PA,0.0
Desastres geo-hidrológicos,60008,Gestão de risco de desastre,2015,,Presente,verylow,Muito baixo,#F40000,3429,Beneditinos/PI,0.0
Desastres geo-hidrológicos,60008,Gestão de risco de desastre,2015,,Presente,verylow,Muito baixo,#F40000,3216,Benedito Leite/MA,0.0
Desastres geo-hidrológicos,60008,Gestão de risco de desastre,2015,,Presente,verylow,Muito baixo,#F40000,2951,Benevides/PA,0.0
Desastres geo-hidrológicos,60008,Gestão de risco de desastre,2015,,Presente,verylow,Muito baixo,#F40000,159,Benjamin Constant do Sul/RS,0.0
Desastres geo-hidrológicos,60008,Gestão de risco de desastre,2015,,Presente,verylow,Muito baixo,#F40000,1841,Bento de Abreu/SP,0.0
Desastres geo-hidrológicos,60008,Gestão de risco de desastre,2015,,Presente,verylow,Muito baixo,#F40000,3828,Bento Fernandes/RN,0.0
Desastres geo-hidrológicos,60008,Gestão de risco de desastre,2015,,Presente,verylow,Muito baixo,#F40000,3217,Bequimão/MA,0.0
Desastres geo-hidrológicos,60008,Gestão de risco de desastre,2015,,Presente,verylow,Muito baixo,#F40000,3218,Bernardo do Mearim/MA,0.0
Desastres geo-hidrológicos,60008,Gestão de risco de desastre,2015,,Presente,verylow,Muito baixo,#F40000,3071,Bernardo Sayão/TO,0.0
Desastres geo-hidrológicos,60008,Gestão de risco de desastre,2015,,Presente,verylow,Muito baixo,#F40000,827,Bicas/MG,0.0
Desastres geo-hidrológicos,60008,Gestão de risco de desastre,2015,,Presente,verylow,Muito baixo,#F40000,2403,Biguaçu/SC,0.0
Desastres geo-hidrológicos,60008,Gestão de risco de desastre,2015,,Presente,verylow,Muito baixo,#F40000,1844,Bilac/SP,0.0
Desastres geo-hidrológicos,60008,Gestão de risco de desastre,2015,,Presente,verylow,Muito baixo,#F40000,828,Biquinhas/MG,0.0
Desastres geo-hidrológicos,60008,Gestão de risco de desastre,2015,,Presente,verylow,Muito baixo,#F40000,1845,Birigui/SP,0.0
Desastres geo-hidrológicos,60008,Gestão de risco de desastre,2015,,Presente,verylow,Muito baixo,#F40000,1846,Biritiba Mirim/SP,0.0
Desastres geo-hidrológicos,60008,Gestão de risco de desastre,2015,,Presente,verylow,Muito baixo,#F40000,4598,Biritinga/BA,0.0
Desastres geo-hidrológicos,60008,Gestão de risco de desastre,2015,,Presente,verylow,Muito baixo,#F40000,1847,Boa Esperança do Sul/SP,0.0
Desastres geo-hidrológicos,60008,Gestão de risco de desastre,2015,,Presente,verylow,Muito baixo,#F40000,3432,Boa Hora/PI,0.0
Desastres geo-hidrológicos,60008,Gestão de risco de desastre,2015,,Presente,verylow,Muito baixo,#F40000,4983,Boa Nova/BA,0.0
Desastres geo-hidrológicos,60008,Gestão de risco de desastre,2015,,Presente,verylow,Muito baixo,#F40000,5438,Boa Ventura de São Roque/PR,0.0
Desastres geo-hidrológicos,60008,Gestão de risco de desastre,2015,,Presente,verylow,Muito baixo,#F40000,3657,Boa Viagem/CE,0.0
Desastres geo-hidrológicos,60008,Gestão de risco de desastre,2015,,Presente,verylow,Muito baixo,#F40000,162,Boa Vista do Cadeado/RS,0.0
Desastres geo-hidrológicos,60008,Gestão de risco de desastre,2015,,Presente,verylow,Muito baixo,#F40000,163,Boa Vista do Incra/RS,0.0
Desastres geo-hidrológicos,60008,Gestão de risco de desastre,2015,,Presente,verylow,Muito baixo,#F40000,164,Boa Vista do Sul/RS,0.0
Desastres geo-hidrológicos,60008,Gestão de risco de desastre,2015,,Presente,verylow,Muito baixo,#F40000,4599,Boa Vista do Tupim/BA,0.0
Desastres geo-hidrológicos,60008,Gestão de risco de desastre,2015,,Presente,verylow,Muito baixo,#F40000,4009,Boa Vista/PB,0.0
Desastres geo-hidrológicos,60008,Gestão de risco de desastre,2015,,Presente,verylow,Muito baixo,#F40000,4396,Boca da Mata/AL,0.0
Desastres geo-hidrológicos,60008,Gestão de risco de desastre,2015,,Presente,verylow,Muito baixo,#F40000,830,Bocaina de Minas/MG,0.0
Desastres geo-hidrológicos,60008,Gestão de risco de desastre,2015,,Presente,verylow,Muito baixo,#F40000,1848,Bocaina/SP,0.0
Desastres geo-hidrológicos,60008,Gestão de risco de desastre,2015,,Presente,verylow,Muito baixo,#F40000,5325,Bocaiúva do Sul/PR,0.0
Desastres geo-hidrológicos,60008,Gestão de risco de desastre,2015,,Presente,verylow,Muito baixo,#F40000,831,Bocaiúva/MG,0.0
Desastres geo-hidrológicos,60008,Gestão de risco de desastre,2015,,Presente,verylow,Muito baixo,#F40000,3829,Bodó/RN,0.0
Desastres geo-hidrológicos,60008,Gestão de risco de desastre,2015,,Presente,verylow,Muito baixo,#F40000,1850,Boituva/SP,0.0
Desastres geo-hidrológicos,60008,Gestão de risco de desastre,2015,,Presente,verylow,Muito baixo,#F40000,4224,Bom Conselho/PE,0.0
Desastres geo-hidrológicos,60008,Gestão de risco de desastre,2015,,Presente,verylow,Muito baixo,#F40000,2407,Bom Jardim da Serra/SC,0.0
Desastres geo-hidrológicos,60008,Gestão de risco de desastre,2015,,Presente,verylow,Muito baixo,#F40000,661,Bom Jardim de Goiás/GO,0.0
Desastres geo-hidrológicos,60008,Gestão de risco de desastre,2015,,Presente,verylow,Muito baixo,#F40000,4225,Bom Jardim/PE,0.0
Desastres geo-hidrológicos,60008,Gestão de risco de desastre,2015,,Presente,verylow,Muito baixo,#F40000,4600,Bom Jesus da Lapa/BA,0.0
Desastres geo-hidrológicos,60008,Gestão de risco de desastre,2015,,Presente,verylow,Muito baixo,#F40000,834,Bom Jesus da Penha/MG,0.0
Desastres geo-hidrológicos,60008,Gestão de risco de desastre,2015,,Presente,verylow,Muito baixo,#F40000,679,Bom Jesus da Serra/BA,0.0
Desastres geo-hidrológicos,60008,Gestão de risco de desastre,2015,,Presente,verylow,Muito baixo,#F40000,3221,Bom Jesus das Selvas/MA,0.0
Desastres geo-hidrológicos,60008,Gestão de risco de desastre,2015,,Presente,verylow,Muito baixo,#F40000,2667,Bom Jesus de Goiás/GO,0.0
Desastres geo-hidrológicos,60008,Gestão de risco de desastre,2015,,Presente,verylow,Muito baixo,#F40000,38,Bom Jesus do Oeste/SC,0.0
Desastres geo-hidrológicos,60008,Gestão de risco de desastre,2015,,Presente,verylow,Muito baixo,#F40000,1851,Bom Jesus dos Perdões/SP,0.0
Desastres geo-hidrológicos,60008,Gestão de risco de desastre,2015,,Presente,verylow,Muito baixo,#F40000,5080,Bom Jesus do Sul/PR,0.0
Desastres geo-hidrológicos,60008,Gestão de risco de desastre,2015,,Presente,verylow,Muito baixo,#F40000,3072,Bom Jesus do Tocantins/TO,0.0
Desastres geo-hidrológicos,60008,Gestão de risco de desastre,2015,,Presente,verylow,Muito baixo,#F40000,4010,Bom Jesus/PB,0.0
Desastres geo-hidrológicos,60008,Gestão de risco de desastre,2015,,Presente,verylow,Muito baixo,#F40000,3434,Bom Jesus/PI,0.0
Desastres geo-hidrológicos,60008,Gestão de risco de desastre,2015,,Presente,verylow,Muito baixo,#F40000,3830,Bom Jesus/RN,0.0
Desastres geo-hidrológicos,60008,Gestão de risco de desastre,2015,,Presente,verylow,Muito baixo,#F40000,2569,Bom Jesus/RS,0.0
Desastres geo-hidrológicos,60008,Gestão de risco de desastre,2015,,Presente,verylow,Muito baixo,#F40000,3222,Bom Lugar/MA,0.0
Desastres geo-hidrológicos,60008,Gestão de risco de desastre,2015,,Presente,verylow,Muito baixo,#F40000,3435,Bom Princípio do Piauí/PI,0.0
Desastres geo-hidrológicos,60008,Gestão de risco de desastre,2015,,Presente,verylow,Muito baixo,#F40000,837,Bom Repouso/MG,0.0
Desastres geo-hidrológicos,60008,Gestão de risco de desastre,2015,,Presente,verylow,Muito baixo,#F40000,2408,Bom Retiro/SC,0.0
Desastres geo-hidrológicos,60008,Gestão de risco de desastre,2015,,Presente,verylow,Muito baixo,#F40000,1852,Bom Sucesso de Itararé/SP,0.0
Desastres geo-hidrológicos,60008,Gestão de risco de desastre,2015,,Presente,verylow,Muito baixo,#F40000,5082,Bom Sucesso do Sul/PR,0.0
Desastres geo-hidrológicos,60008,Gestão de risco de desastre,2015,,Presente,verylow,Muito baixo,#F40000,838,Bom Sucesso/MG,0.0
Desastres geo-hidrológicos,60008,Gestão de risco de desastre,2015,,Presente,verylow,Muito baixo,#F40000,4011,Bom Sucesso/PB,0.0
Desastres geo-hidrológicos,60008,Gestão de risco de desastre,2015,,Presente,verylow,Muito baixo,#F40000,3436,Bonfim do Piauí/PI,0.0
Desastres geo-hidrológicos,60008,Gestão de risco de desastre,2015,,Presente,verylow,Muito baixo,#F40000,839,Bonfim/MG,0.0
Desastres geo-hidrológicos,60008,Gestão de risco de desastre,2015,,Presente,verylow,Muito baixo,#F40000,2668,Bonfinópolis/GO,0.0
Desastres geo-hidrológicos,60008,Gestão de risco de desastre,2015,,Presente,verylow,Muito baixo,#F40000,4601,Boninal/BA,0.0
Desastres geo-hidrológicos,60008,Gestão de risco de desastre,2015,,Presente,verylow,Muito baixo,#F40000,4602,Bonito/BA,0.0
Desastres geo-hidrológicos,60008,Gestão de risco de desastre,2015,,Presente,verylow,Muito baixo,#F40000,841,Bonito de Minas/MG,0.0
Desastres geo-hidrológicos,60008,Gestão de risco de desastre,2015,,Presente,verylow,Muito baixo,#F40000,4012,Bonito de Santa Fé/PB,0.0
Desastres geo-hidrológicos,60008,Gestão de risco de desastre,2015,,Presente,verylow,Muito baixo,#F40000,4226,Bonito/PE,0.0
Desastres geo-hidrológicos,60008,Gestão de risco de desastre,2015,,Presente,verylow,Muito baixo,#F40000,4873,Bonópolis/GO,0.0
Desastres geo-hidrológicos,60008,Gestão de risco de desastre,2015,,Presente,verylow,Muito baixo,#F40000,4013,Boqueirão/PB,0.0
Desastres geo-hidrológicos,60008,Gestão de risco de desastre,2015,,Presente,verylow,Muito baixo,#F40000,4495,Boquim/SE,0.0
Desastres geo-hidrológicos,60008,Gestão de risco de desastre,2015,,Presente,verylow,Muito baixo,#F40000,4603,Boquira/BA,0.0
Desastres geo-hidrológicos,60008,Gestão de risco de desastre,2015,,Presente,verylow,Muito baixo,#F40000,1854,Boracéia/SP,0.0
Desastres geo-hidrológicos,60008,Gestão de risco de desastre,2015,,Presente,verylow,Muito baixo,#F40000,1853,Borá/SP,0.0
Desastres geo-hidrológicos,60008,Gestão de risco de desastre,2015,,Presente,verylow,Muito baixo,#F40000,4015,Borborema/PB,0.0
Desastres geo-hidrológicos,60008,Gestão de risco de desastre,2015,,Presente,verylow,Muito baixo,#F40000,843,Botelhos/MG,0.0
Desastres geo-hidrológicos,60008,Gestão de risco de desastre,2015,,Presente,verylow,Muito baixo,#F40000,4604,Botuporã/BA,0.0
Desastres geo-hidrológicos,60008,Gestão de risco de desastre,2015,,Presente,verylow,Muito baixo,#F40000,169,Bozano/RS,0.0
Desastres geo-hidrológicos,60008,Gestão de risco de desastre,2015,,Presente,verylow,Muito baixo,#F40000,2411,Braço do Trombudo/SC,0.0
Desastres geo-hidrológicos,60008,Gestão de risco de desastre,2015,,Presente,verylow,Muito baixo,#F40000,4397,Branquinha/AL,0.0
Desastres geo-hidrológicos,60008,Gestão de risco de desastre,2015,,Presente,verylow,Muito baixo,#F40000,845,Brasilândia de Minas/MG,0.0
Desastres geo-hidrológicos,60008,Gestão de risco de desastre,2015,,Presente,verylow,Muito baixo,#F40000,5085,Brasilândia do Sul/PR,0.0
Desastres geo-hidrológicos,60008,Gestão de risco de desastre,2015,,Presente,verylow,Muito baixo,#F40000,3073,Brasilândia do Tocantins/TO,0.0
Desastres geo-hidrológicos,60008,Gestão de risco de desastre,2015,,Presente,verylow,Muito baixo,#F40000,2863,Brasil Novo/PA,0.0
Desastres geo-hidrológicos,60008,Gestão de risco de desastre,2015,,Presente,verylow,Muito baixo,#F40000,848,Braúnas/MG,0.0
Desastres geo-hidrológicos,60008,Gestão de risco de desastre,2015,,Presente,verylow,Muito baixo,#F40000,1859,Braúna/SP,0.0
Desastres geo-hidrológicos,60008,Gestão de risco de desastre,2015,,Presente,verylow,Muito baixo,#F40000,2669,Brazabrantes/GO,0.0
Desastres geo-hidrológicos,60008,Gestão de risco de desastre,2015,,Presente,verylow,Muito baixo,#F40000,3074,Brejinho de Nazaré/TO,0.0
Desastres geo-hidrológicos,60008,Gestão de risco de desastre,2015,,Presente,verylow,Muito baixo,#F40000,3831,Brejinho/RN,0.0
Desastres geo-hidrológicos,60008,Gestão de risco de desastre,2015,,Presente,verylow,Muito baixo,#F40000,1860,Brejo Alegre/SP,0.0
Desastres geo-hidrológicos,60008,Gestão de risco de desastre,2015,,Presente,verylow,Muito baixo,#F40000,3224,Brejo de Areia/MA,0.0
Desastres geo-hidrológicos,60008,Gestão de risco de desastre,2015,,Presente,verylow,Muito baixo,#F40000,4016,Brejo do Cruz/PB,0.0
Desastres geo-hidrológicos,60008,Gestão de risco de desastre,2015,,Presente,verylow,Muito baixo,#F40000,4017,Brejo dos Santos/PB,0.0
Desastres geo-hidrológicos,60008,Gestão de risco de desastre,2015,,Presente,verylow,Muito baixo,#F40000,4605,Brejões/BA,0.0
Desastres geo-hidrológicos,60008,Gestão de risco de desastre,2015,,Presente,verylow,Muito baixo,#F40000,2955,Brejo Grande do Araguaia/PA,0.0
Desastres geo-hidrológicos,60008,Gestão de risco de desastre,2015,,Presente,verylow,Muito baixo,#F40000,4496,Brejo Grande/SE,0.0
Desastres geo-hidrológicos,60008,Gestão de risco de desastre,2015,,Presente,verylow,Muito baixo,#F40000,4606,Brejolândia/BA,0.0
Desastres geo-hidrológicos,60008,Gestão de risco de desastre,2015,,Presente,verylow,Muito baixo,#F40000,3658,Brejo Santo/CE,0.0
Desastres geo-hidrológicos,60008,Gestão de risco de desastre,2015,,Presente,verylow,Muito baixo,#F40000,2956,Breu Branco/PA,0.0
Desastres geo-hidrológicos,60008,Gestão de risco de desastre,2015,,Presente,verylow,Muito baixo,#F40000,2670,Britânia/GO,0.0
Desastres geo-hidrológicos,60008,Gestão de risco de desastre,2015,,Presente,verylow,Muito baixo,#F40000,171,Brochier/RS,0.0
Desastres geo-hidrológicos,60008,Gestão de risco de desastre,2015,,Presente,verylow,Muito baixo,#F40000,4607,Brotas de Macaúbas/BA,0.0
Desastres geo-hidrológicos,60008,Gestão de risco de desastre,2015,,Presente,verylow,Muito baixo,#F40000,1862,Brotas/SP,0.0
Desastres geo-hidrológicos,60008,Gestão de risco de desastre,2015,,Presente,verylow,Muito baixo,#F40000,4984,Brumado/BA,0.0
Desastres geo-hidrológicos,60008,Gestão de risco de desastre,2015,,Presente,verylow,Muito baixo,#F40000,4230,Buenos Aires/PE,0.0
Desastres geo-hidrológicos,60008,Gestão de risco de desastre,2015,,Presente,verylow,Muito baixo,#F40000,680,Buerarema/BA,0.0
Desastres geo-hidrológicos,60008,Gestão de risco de desastre,2015,,Presente,verylow,Muito baixo,#F40000,4231,Buíque/PE,0.0
Desastres geo-hidrológicos,60008,Gestão de risco de desastre,2015,,Presente,verylow,Muito baixo,#F40000,2824,Bujari/AC,0.0
Desastres geo-hidrológicos,60008,Gestão de risco de desastre,2015,,Presente,verylow,Muito baixo,#F40000,2958,Bujaru/PA,0.0
Desastres geo-hidrológicos,60008,Gestão de risco de desastre,2015,,Presente,verylow,Muito baixo,#F40000,1864,Buritama/SP,0.0
Desastres geo-hidrológicos,60008,Gestão de risco de desastre,2015,,Presente,verylow,Muito baixo,#F40000,2671,Buriti Alegre/GO,0.0
Desastres geo-hidrológicos,60008,Gestão de risco de desastre,2015,,Presente,verylow,Muito baixo,#F40000,3226,Buriti Bravo/MA,0.0
Desastres geo-hidrológicos,60008,Gestão de risco de desastre,2015,,Presente,verylow,Muito baixo,#F40000,2672,Buriti de Goiás/GO,0.0
Desastres geo-hidrológicos,60008,Gestão de risco de desastre,2015,,Presente,verylow,Muito baixo,#F40000,3225,Buriti/MA,0.0
Desastres geo-hidrológicos,60008,Gestão de risco de desastre,2015,,Presente,verylow,Muito baixo,#F40000,2673,Buritinópolis/GO,0.0
Desastres geo-hidrológicos,60008,Gestão de risco de desastre,2015,,Presente,verylow,Muito baixo,#F40000,4608,Buritirama/BA,0.0
Desastres geo-hidrológicos,60008,Gestão de risco de desastre,2015,,Presente,verylow,Muito baixo,#F40000,538,Caarapó/MS,0.0
Desastres geo-hidrológicos,60008,Gestão de risco de desastre,2015,,Presente,verylow,Muito baixo,#F40000,4609,Cabaceiras do Paraguaçu/BA,0.0
Desastres geo-hidrológicos,60008,Gestão de risco de desastre,2015,,Presente,verylow,Muito baixo,#F40000,4019,Cabaceiras/PB,0.0
Desastres geo-hidrológicos,60008,Gestão de risco de desastre,2015,,Presente,verylow,Muito baixo,#F40000,856,Cabeceira Grande/MG,0.0
Desastres geo-hidrológicos,60008,Gestão de risco de desastre,2015,,Presente,verylow,Muito baixo,#F40000,2674,Cabeceiras/GO,0.0
Desastres geo-hidrológicos,60008,Gestão de risco de desastre,2015,,Presente,verylow,Muito baixo,#F40000,5523,Cabixi/RO,0.0
Desastres geo-hidrológicos,60008,Gestão de risco de desastre,2015,,Presente,verylow,Muito baixo,#F40000,5550,Cacaulândia/RO,0.0
Desastres geo-hidrológicos,60008,Gestão de risco de desastre,2015,,Presente,verylow,Muito baixo,#F40000,174,Cacequi/RS,0.0
Desastres geo-hidrológicos,60008,Gestão de risco de desastre,2015,,Presente,verylow,Muito baixo,#F40000,2675,Cachoeira Alta/GO,0.0
Desastres geo-hidrológicos,60008,Gestão de risco de desastre,2015,,Presente,verylow,Muito baixo,#F40000,858,Cachoeira da Prata/MG,0.0
Desastres geo-hidrológicos,60008,Gestão de risco de desastre,2015,,Presente,verylow,Muito baixo,#F40000,859,Cachoeira de Minas/MG,0.0
Desastres geo-hidrológicos,60008,Gestão de risco de desastre,2015,,Presente,verylow,Muito baixo,#F40000,782,Cachoeira de Pajeú/MG,0.0
Desastres geo-hidrológicos,60008,Gestão de risco de desastre,2015,,Presente,verylow,Muito baixo,#F40000,2960,Cachoeira do Arari/PA,0.0
Desastres geo-hidrológicos,60008,Gestão de risco de desastre,2015,,Presente,verylow,Muito baixo,#F40000,2959,Cachoeira do Piriá/PA,0.0
Desastres geo-hidrológicos,60008,Gestão de risco de desastre,2015,,Presente,verylow,Muito baixo,#F40000,2677,Cachoeira Dourada/GO,0.0
Desastres geo-hidrológicos,60008,Gestão de risco de desastre,2015,,Presente,verylow,Muito baixo,#F40000,860,Cachoeira Dourada/MG,0.0
Desastres geo-hidrológicos,60008,Gestão de risco de desastre,2015,,Presente,verylow,Muito baixo,#F40000,3229,Cachoeira Grande/MA,0.0
Desastres geo-hidrológicos,60008,Gestão de risco de desastre,2015,,Presente,verylow,Muito baixo,#F40000,3076,Cachoeirinha/TO,0.0
Desastres geo-hidrológicos,60008,Gestão de risco de desastre,2015,,Presente,verylow,Muito baixo,#F40000,4022,Cacimba de Areia/PB,0.0
Desastres geo-hidrológicos,60008,Gestão de risco de desastre,2015,,Presente,verylow,Muito baixo,#F40000,4023,Cacimba de Dentro/PB,0.0
Desastres geo-hidrológicos,60008,Gestão de risco de desastre,2015,,Presente,verylow,Muito baixo,#F40000,4398,Cacimbinhas/AL,0.0
Desastres geo-hidrológicos,60008,Gestão de risco de desastre,2015,,Presente,verylow,Muito baixo,#F40000,5524,Cacoal/RO,0.0
Desastres geo-hidrológicos,60008,Gestão de risco de desastre,2015,,Presente,verylow,Muito baixo,#F40000,1870,Caconde/SP,0.0
Desastres geo-hidrológicos,60008,Gestão de risco de desastre,2015,,Presente,verylow,Muito baixo,#F40000,4968,Caçu/GO,0.0
Desastres geo-hidrológicos,60008,Gestão de risco de desastre,2015,,Presente,verylow,Muito baixo,#F40000,682,Caculé/BA,0.0
Desastres geo-hidrológicos,60008,Gestão de risco de desastre,2015,,Presente,verylow,Muito baixo,#F40000,4611,Caém/BA,0.0
Desastres geo-hidrológicos,60008,Gestão de risco de desastre,2015,,Presente,verylow,Muito baixo,#F40000,861,Caetanópolis/MG,0.0
Desastres geo-hidrológicos,60008,Gestão de risco de desastre,2015,,Presente,verylow,Muito baixo,#F40000,4985,Caetanos/BA,0.0
Desastres geo-hidrológicos,60008,Gestão de risco de desastre,2015,,Presente,verylow,Muito baixo,#F40000,4986,Caetité/BA,0.0
Desastres geo-hidrológicos,60008,Gestão de risco de desastre,2015,,Presente,verylow,Muito baixo,#F40000,4612,Cafarnaum/BA,0.0
Desastres geo-hidrológicos,60008,Gestão de risco de desastre,2015,,Presente,verylow,Muito baixo,#F40000,5086,Cafeara/PR,0.0
Desastres geo-hidrológicos,60008,Gestão de risco de desastre,2015,,Presente,verylow,Muito baixo,#F40000,863,Caiana/MG,0.0
Desastres geo-hidrológicos,60008,Gestão de risco de desastre,2015,,Presente,verylow,Muito baixo,#F40000,4969,Caiapônia/GO,0.0
Desastres geo-hidrológicos,60008,Gestão de risco de desastre,2015,,Presente,verylow,Muito baixo,#F40000,39,Caibi/SC,0.0
Desastres geo-hidrológicos,60008,Gestão de risco de desastre,2015,,Presente,verylow,Muito baixo,#F40000,3833,Caiçara do Rio do Vento/RN,0.0
Desastres geo-hidrológicos,60008,Gestão de risco de desastre,2015,,Presente,verylow,Muito baixo,#F40000,4025,Caiçara/PB,0.0
Desastres geo-hidrológicos,60008,Gestão de risco de desastre,2015,,Presente,verylow,Muito baixo,#F40000,4613,Cairu/BA,0.0
Desastres geo-hidrológicos,60008,Gestão de risco de desastre,2015,,Presente,verylow,Muito baixo,#F40000,3230,Cajapió/MA,0.0
Desastres geo-hidrológicos,60008,Gestão de risco de desastre,2015,,Presente,verylow,Muito baixo,#F40000,3231,Cajari/MA,0.0
Desastres geo-hidrológicos,60008,Gestão de risco de desastre,2015,,Presente,verylow,Muito baixo,#F40000,4026,Cajazeiras/PB,0.0
Desastres geo-hidrológicos,60008,Gestão de risco de desastre,2015,,Presente,verylow,Muito baixo,#F40000,864,Cajuri/MG,0.0
Desastres geo-hidrológicos,60008,Gestão de risco de desastre,2015,,Presente,verylow,Muito baixo,#F40000,4236,Calçado/PE,0.0
Desastres geo-hidrológicos,60008,Gestão de risco de desastre,2015,,Presente,verylow,Muito baixo,#F40000,5040,Calçoene/AP,0.0
Desastres geo-hidrológicos,60008,Gestão de risco de desastre,2015,,Presente,verylow,Muito baixo,#F40000,4028,Caldas Brandão/PB,0.0
Desastres geo-hidrológicos,60008,Gestão de risco de desastre,2015,,Presente,verylow,Muito baixo,#F40000,2679,Caldazinha/GO,0.0
Desastres geo-hidrológicos,60008,Gestão de risco de desastre,2015,,Presente,verylow,Muito baixo,#F40000,4614,Caldeirão Grande/BA,0.0
Desastres geo-hidrológicos,60008,Gestão de risco de desastre,2015,,Presente,verylow,Muito baixo,#F40000,3445,Caldeirão Grande do Piauí/PI,0.0
Desastres geo-hidrológicos,60008,Gestão de risco de desastre,2015,,Presente,verylow,Muito baixo,#F40000,2414,Calmon/SC,0.0
Desastres geo-hidrológicos,60008,Gestão de risco de desastre,2015,,Presente,verylow,Muito baixo,#F40000,4237,Calumbi/PE,0.0
Desastres geo-hidrológicos,60008,Gestão de risco de desastre,2015,,Presente,verylow,Muito baixo,#F40000,866,Camacho/MG,0.0
Desastres geo-hidrológicos,60008,Gestão de risco de desastre,2015,,Presente,verylow,Muito baixo,#F40000,4029,Camalaú/PB,0.0
Desastres geo-hidrológicos,60008,Gestão de risco de desastre,2015,,Presente,verylow,Muito baixo,#F40000,539,Camapuã/MS,0.0
Desastres geo-hidrológicos,60008,Gestão de risco de desastre,2015,,Presente,verylow,Muito baixo,#F40000,5440,Cambé/PR,0.0
Desastres geo-hidrológicos,60008,Gestão de risco de desastre,2015,,Presente,verylow,Muito baixo,#F40000,868,Cambuí/MG,0.0
Desastres geo-hidrológicos,60008,Gestão de risco de desastre,2015,,Presente,verylow,Muito baixo,#F40000,4239,Camocim de São Félix/PE,0.0
Desastres geo-hidrológicos,60008,Gestão de risco de desastre,2015,,Presente,verylow,Muito baixo,#F40000,2680,Campestre de Goiás/GO,0.0
Desastres geo-hidrológicos,60008,Gestão de risco de desastre,2015,,Presente,verylow,Muito baixo,#F40000,3232,Campestre do Maranhão/MA,0.0
Desastres geo-hidrológicos,60008,Gestão de risco de desastre,2015,,Presente,verylow,Muito baixo,#F40000,4874,Campinaçu/GO,0.0
Desastres geo-hidrológicos,60008,Gestão de risco de desastre,2015,,Presente,verylow,Muito baixo,#F40000,181,Campina das Missões/RS,0.0
Desastres geo-hidrológicos,60008,Gestão de risco de desastre,2015,,Presente,verylow,Muito baixo,#F40000,5091,Campina do Simão/PR,0.0
Desastres geo-hidrológicos,60008,Gestão de risco de desastre,2015,,Presente,verylow,Muito baixo,#F40000,4950,Campinápolis/MT,0.0
Desastres geo-hidrológicos,60008,Gestão de risco de desastre,2015,,Presente,verylow,Muito baixo,#F40000,182,Campinas do Sul/RS,0.0
Desastres geo-hidrológicos,60008,Gestão de risco de desastre,2015,,Presente,verylow,Muito baixo,#F40000,873,Campina Verde/MG,0.0
Desastres geo-hidrológicos,60008,Gestão de risco de desastre,2015,,Presente,verylow,Muito baixo,#F40000,5013,Campinorte/GO,0.0
Desastres geo-hidrológicos,60008,Gestão de risco de desastre,2015,,Presente,verylow,Muito baixo,#F40000,4401,Campo Alegre/AL,0.0
Desastres geo-hidrológicos,60008,Gestão de risco de desastre,2015,,Presente,verylow,Muito baixo,#F40000,4617,Campo Alegre de Lourdes/BA,0.0
Desastres geo-hidrológicos,60008,Gestão de risco de desastre,2015,,Presente,verylow,Muito baixo,#F40000,2417,Campo Alegre/SC,0.0
Desastres geo-hidrológicos,60008,Gestão de risco de desastre,2015,,Presente,verylow,Muito baixo,#F40000,874,Campo Azul/MG,0.0
Desastres geo-hidrológicos,60008,Gestão de risco de desastre,2015,,Presente,verylow,Muito baixo,#F40000,875,Campo Belo/MG,0.0
Desastres geo-hidrológicos,60008,Gestão de risco de desastre,2015,,Presente,verylow,Muito baixo,#F40000,2574,Campo Bom/RS,0.0
Desastres geo-hidrológicos,60008,Gestão de risco de desastre,2015,,Presente,verylow,Muito baixo,#F40000,5092,Campo Bonito/PR,0.0
Desastres geo-hidrológicos,60008,Gestão de risco de desastre,2015,,Presente,verylow,Muito baixo,#F40000,4497,Campo do Brito/SE,0.0
Desastres geo-hidrológicos,60008,Gestão de risco de desastre,2015,,Presente,verylow,Muito baixo,#F40000,4402,Campo Grande/AL,0.0
Desastres geo-hidrológicos,60008,Gestão de risco de desastre,2015,,Presente,verylow,Muito baixo,#F40000,3824,Campo Grande/RN,0.0
Desastres geo-hidrológicos,60008,Gestão de risco de desastre,2015,,Presente,verylow,Muito baixo,#F40000,3449,Campo Largo do Piauí/PI,0.0
Desastres geo-hidrológicos,60008,Gestão de risco de desastre,2015,,Presente,verylow,Muito baixo,#F40000,5093,Campo Mourão/PR,0.0
Desastres geo-hidrológicos,60008,Gestão de risco de desastre,2015,,Presente,verylow,Muito baixo,#F40000,5551,Campo Novo de Rondônia/RO,0.0
Desastres geo-hidrológicos,60008,Gestão de risco de desastre,2015,,Presente,verylow,Muito baixo,#F40000,183,Campo Novo/RS,0.0
Desastres geo-hidrológicos,60008,Gestão de risco de desastre,2015,,Presente,verylow,Muito baixo,#F40000,3835,Campo Redondo/RN,0.0
Desastres geo-hidrológicos,60008,Gestão de risco de desastre,2015,,Presente,verylow,Muito baixo,#F40000,878,Campos Altos/MG,0.0
Desastres geo-hidrológicos,60008,Gestão de risco de desastre,2015,,Presente,verylow,Muito baixo,#F40000,4875,Campos Belos/GO,0.0
Desastres geo-hidrológicos,60008,Gestão de risco de desastre,2015,,Presente,verylow,Muito baixo,#F40000,184,Campos Borges/RS,0.0
Desastres geo-hidrológicos,60008,Gestão de risco de desastre,2015,,Presente,verylow,Muito baixo,#F40000,4952,Campos de Júlio/MT,0.0
Desastres geo-hidrológicos,60008,Gestão de risco de desastre,2015,,Presente,verylow,Muito baixo,#F40000,879,Campos Gerais/MG,0.0
Desastres geo-hidrológicos,60008,Gestão de risco de desastre,2015,,Presente,verylow,Muito baixo,#F40000,3077,Campos Lindos/TO,0.0
Desastres geo-hidrológicos,60008,Gestão de risco de desastre,2015,,Presente,verylow,Muito baixo,#F40000,1882,Campos Novos Paulista/SP,0.0
Desastres geo-hidrológicos,60008,Gestão de risco de desastre,2015,,Presente,verylow,Muito baixo,#F40000,4913,Campos Novos/SC,0.0
Desastres geo-hidrológicos,60008,Gestão de risco de desastre,2015,,Presente,verylow,Muito baixo,#F40000,3660,Campos Sales/CE,0.0
Desastres geo-hidrológicos,60008,Gestão de risco de desastre,2015,,Presente,verylow,Muito baixo,#F40000,5014,Campos Verdes/GO,0.0
Desastres geo-hidrológicos,60008,Gestão de risco de desastre,2015,,Presente,verylow,Muito baixo,#F40000,4240,Camutanga/PE,0.0
Desastres geo-hidrológicos,60008,Gestão de risco de desastre,2015,,Presente,verylow,Muito baixo,#F40000,5051,Canabrava do Norte/MT,0.0
Desastres geo-hidrológicos,60008,Gestão de risco de desastre,2015,,Presente,verylow,Muito baixo,#F40000,4619,Canápolis/BA,0.0
Desastres geo-hidrológicos,60008,Gestão de risco de desastre,2015,,Presente,verylow,Muito baixo,#F40000,4620,Canarana/BA,0.0
Desastres geo-hidrológicos,60008,Gestão de risco de desastre,2015,,Presente,verylow,Muito baixo,#F40000,882,Cana Verde/MG,0.0
Desastres geo-hidrológicos,60008,Gestão de risco de desastre,2015,,Presente,verylow,Muito baixo,#F40000,3451,Canavieira/PI,0.0
Desastres geo-hidrológicos,60008,Gestão de risco de desastre,2015,,Presente,verylow,Muito baixo,#F40000,4621,Candeal/BA,0.0
Desastres geo-hidrológicos,60008,Gestão de risco de desastre,2015,,Presente,verylow,Muito baixo,#F40000,5552,Candeias do Jamari/RO,0.0
Desastres geo-hidrológicos,60008,Gestão de risco de desastre,2015,,Presente,verylow,Muito baixo,#F40000,883,Candeias/MG,0.0
Desastres geo-hidrológicos,60008,Gestão de risco de desastre,2015,,Presente,verylow,Muito baixo,#F40000,685,Candiba/BA,0.0
Desastres geo-hidrológicos,60008,Gestão de risco de desastre,2015,,Presente,verylow,Muito baixo,#F40000,3233,Cândido Mendes/MA,0.0
Desastres geo-hidrológicos,60008,Gestão de risco de desastre,2015,,Presente,verylow,Muito baixo,#F40000,1886,Cândido Rodrigues/SP,0.0
Desastres geo-hidrológicos,60008,Gestão de risco de desastre,2015,,Presente,verylow,Muito baixo,#F40000,4498,Canhoba/SE,0.0
Desastres geo-hidrológicos,60008,Gestão de risco de desastre,2015,,Presente,verylow,Muito baixo,#F40000,4499,Canindé de São Francisco/SE,0.0
Desastres geo-hidrológicos,60008,Gestão de risco de desastre,2015,,Presente,verylow,Muito baixo,#F40000,4623,Cansanção/BA,0.0
Desastres geo-hidrológicos,60008,Gestão de risco de desastre,2015,,Presente,verylow,Muito baixo,#F40000,2847,Cantá/RR,0.0
Desastres geo-hidrológicos,60008,Gestão de risco de desastre,2015,,Presente,verylow,Muito baixo,#F40000,3452,Canto do Buriti/PI,0.0
Desastres geo-hidrológicos,60008,Gestão de risco de desastre,2015,,Presente,verylow,Muito baixo,#F40000,4624,Canudos/BA,0.0
Desastres geo-hidrológicos,60008,Gestão de risco de desastre,2015,,Presente,verylow,Muito baixo,#F40000,189,Canudos do Vale/RS,0.0
Desastres geo-hidrológicos,60008,Gestão de risco de desastre,2015,,Presente,verylow,Muito baixo,#F40000,2963,Capanema/PA,0.0
Desastres geo-hidrológicos,60008,Gestão de risco de desastre,2015,,Presente,verylow,Muito baixo,#F40000,2416,Capão Alto/SC,0.0
Desastres geo-hidrológicos,60008,Gestão de risco de desastre,2015,,Presente,verylow,Muito baixo,#F40000,1888,Capão Bonito/SP,0.0
Desastres geo-hidrológicos,60008,Gestão de risco de desastre,2015,,Presente,verylow,Muito baixo,#F40000,190,Capão do Cipó/RS,0.0
Desastres geo-hidrológicos,60008,Gestão de risco de desastre,2015,,Presente,verylow,Muito baixo,#F40000,886,Capela Nova/MG,0.0
Desastres geo-hidrológicos,60008,Gestão de risco de desastre,2015,,Presente,verylow,Muito baixo,#F40000,4500,Capela/SE,0.0
Desastres geo-hidrológicos,60008,Gestão de risco de desastre,2015,,Presente,verylow,Muito baixo,#F40000,889,Capim Branco/MG,0.0
Desastres geo-hidrológicos,60008,Gestão de risco de desastre,2015,,Presente,verylow,Muito baixo,#F40000,4031,Capim/PB,0.0
Desastres geo-hidrológicos,60008,Gestão de risco de desastre,2015,,Presente,verylow,Muito baixo,#F40000,890,Capinópolis/MG,0.0
Desastres geo-hidrológicos,60008,Gestão de risco de desastre,2015,,Presente,verylow,Muito baixo,#F40000,3235,Capinzal do Norte/MA,0.0
Desastres geo-hidrológicos,60008,Gestão de risco de desastre,2015,,Presente,verylow,Muito baixo,#F40000,41,Capinzal/SC,0.0
Desastres geo-hidrológicos,60008,Gestão de risco de desastre,2015,,Presente,verylow,Muito baixo,#F40000,891,Capitão Andrade/MG,0.0
Desastres geo-hidrológicos,60008,Gestão de risco de desastre,2015,,Presente,verylow,Muito baixo,#F40000,3453,Capitão de Campos/PI,0.0
Desastres geo-hidrológicos,60008,Gestão de risco de desastre,2015,,Presente,verylow,Muito baixo,#F40000,3454,Capitão Gervásio Oliveira/PI,0.0
Desastres geo-hidrológicos,60008,Gestão de risco de desastre,2015,,Presente,verylow,Muito baixo,#F40000,192,Capitão/RS,0.0
Desastres geo-hidrológicos,60008,Gestão de risco de desastre,2015,,Presente,verylow,Muito baixo,#F40000,2578,Capivari do Sul/RS,0.0
Desastres geo-hidrológicos,60008,Gestão de risco de desastre,2015,,Presente,verylow,Muito baixo,#F40000,894,Caputira/MG,0.0
Desastres geo-hidrológicos,60008,Gestão de risco de desastre,2015,,Presente,verylow,Muito baixo,#F40000,2579,Caraá/RS,0.0
Desastres geo-hidrológicos,60008,Gestão de risco de desastre,2015,,Presente,verylow,Muito baixo,#F40000,687,Caraíbas/BA,0.0
Desastres geo-hidrológicos,60008,Gestão de risco de desastre,2015,,Presente,verylow,Muito baixo,#F40000,3456,Caraúbas do Piauí/PI,0.0
Desastres geo-hidrológicos,60008,Gestão de risco de desastre,2015,,Presente,verylow,Muito baixo,#F40000,3837,Caraúbas/RN,0.0
Desastres geo-hidrológicos,60008,Gestão de risco de desastre,2015,,Presente,verylow,Muito baixo,#F40000,688,Caravelas/BA,0.0
Desastres geo-hidrológicos,60008,Gestão de risco de desastre,2015,,Presente,verylow,Muito baixo,#F40000,193,Carazinho/RS,0.0
Desastres geo-hidrológicos,60008,Gestão de risco de desastre,2015,,Presente,verylow,Muito baixo,#F40000,4627,Cardeal da Silva/BA,0.0
Desastres geo-hidrológicos,60008,Gestão de risco de desastre,2015,,Presente,verylow,Muito baixo,#F40000,1893,Cardoso/SP,0.0
Desastres geo-hidrológicos,60008,Gestão de risco de desastre,2015,,Presente,verylow,Muito baixo,#F40000,3663,Caridade/CE,0.0
Desastres geo-hidrológicos,60008,Gestão de risco de desastre,2015,,Presente,verylow,Muito baixo,#F40000,3457,Caridade do Piauí/PI,0.0
Desastres geo-hidrológicos,60008,Gestão de risco de desastre,2015,,Presente,verylow,Muito baixo,#F40000,4987,Carinhanha/BA,0.0
Desastres geo-hidrológicos,60008,Gestão de risco de desastre,2015,,Presente,verylow,Muito baixo,#F40000,4501,Carira/SE,0.0
Desastres geo-hidrológicos,60008,Gestão de risco de desastre,2015,,Presente,verylow,Muito baixo,#F40000,3664,Cariré/CE,0.0
Desastres geo-hidrológicos,60008,Gestão de risco de desastre,2015,,Presente,verylow,Muito baixo,#F40000,3665,Caririaçu/CE,0.0
Desastres geo-hidrológicos,60008,Gestão de risco de desastre,2015,,Presente,verylow,Muito baixo,#F40000,3078,Cariri do Tocantins/TO,0.0
Desastres geo-hidrológicos,60008,Gestão de risco de desastre,2015,,Presente,verylow,Muito baixo,#F40000,3666,Cariús/CE,0.0
Desastres geo-hidrológicos,60008,Gestão de risco de desastre,2015,,Presente,verylow,Muito baixo,#F40000,2892,Carlinda/MT,0.0
Desastres geo-hidrológicos,60008,Gestão de risco de desastre,2015,,Presente,verylow,Muito baixo,#F40000,903,Carmésia/MG,0.0
Desastres geo-hidrológicos,60008,Gestão de risco de desastre,2015,,Presente,verylow,Muito baixo,#F40000,904,Carmo da Cachoeira/MG,0.0
Desastres geo-hidrológicos,60008,Gestão de risco de desastre,2015,,Presente,verylow,Muito baixo,#F40000,905,Carmo da Mata/MG,0.0
Desastres geo-hidrológicos,60008,Gestão de risco de desastre,2015,,Presente,verylow,Muito baixo,#F40000,908,Carmo do Paranaíba/MG,0.0
Desastres geo-hidrológicos,60008,Gestão de risco de desastre,2015,,Presente,verylow,Muito baixo,#F40000,4502,Carmópolis/SE,0.0
Desastres geo-hidrológicos,60008,Gestão de risco de desastre,2015,,Presente,verylow,Muito baixo,#F40000,1703,Carmo/RJ,0.0
Desastres geo-hidrológicos,60008,Gestão de risco de desastre,2015,,Presente,verylow,Muito baixo,#F40000,3838,Carnaúba dos Dantas/RN,0.0
Desastres geo-hidrológicos,60008,Gestão de risco de desastre,2015,,Presente,verylow,Muito baixo,#F40000,3839,Carnaubais/RN,0.0
Desastres geo-hidrológicos,60008,Gestão de risco de desastre,2015,,Presente,verylow,Muito baixo,#F40000,3667,Carnaubal/CE,0.0
Desastres geo-hidrológicos,60008,Gestão de risco de desastre,2015,,Presente,verylow,Muito baixo,#F40000,911,Carneirinho/MG,0.0
Desastres geo-hidrológicos,60008,Gestão de risco de desastre,2015,,Presente,verylow,Muito baixo,#F40000,4405,Carneiros/AL,0.0
Desastres geo-hidrológicos,60008,Gestão de risco de desastre,2015,,Presente,verylow,Muito baixo,#F40000,2849,Caroebe/RR,0.0
Desastres geo-hidrológicos,60008,Gestão de risco de desastre,2015,,Presente,verylow,Muito baixo,#F40000,3236,Carolina/MA,0.0
Desastres geo-hidrológicos,60008,Gestão de risco de desastre,2015,,Presente,verylow,Muito baixo,#F40000,4245,Carpina/PE,0.0
Desastres geo-hidrológicos,60008,Gestão de risco de desastre,2015,,Presente,verylow,Muito baixo,#F40000,912,Carrancas/MG,0.0
Desastres geo-hidrológicos,60008,Gestão de risco de desastre,2015,,Presente,verylow,Muito baixo,#F40000,4033,Carrapateira/PB,0.0
Desastres geo-hidrológicos,60008,Gestão de risco de desastre,2015,,Presente,verylow,Muito baixo,#F40000,3237,Carutapera/MA,0.0
Desastres geo-hidrológicos,60008,Gestão de risco de desastre,2015,,Presente,verylow,Muito baixo,#F40000,913,Carvalhópolis/MG,0.0
Desastres geo-hidrológicos,60008,Gestão de risco de desastre,2015,,Presente,verylow,Muito baixo,#F40000,914,Carvalhos/MG,0.0
Desastres geo-hidrológicos,60008,Gestão de risco de desastre,2015,,Presente,verylow,Muito baixo,#F40000,915,Casa Grande/MG,0.0
Desastres geo-hidrológicos,60008,Gestão de risco de desastre,2015,,Presente,verylow,Muito baixo,#F40000,3081,Caseara/TO,0.0
Desastres geo-hidrológicos,60008,Gestão de risco de desastre,2015,,Presente,verylow,Muito baixo,#F40000,4247,Casinhas/PE,0.0
Desastres geo-hidrológicos,60008,Gestão de risco de desastre,2015,,Presente,verylow,Muito baixo,#F40000,1895,Cássia dos Coqueiros/SP,0.0
Desastres geo-hidrológicos,60008,Gestão de risco de desastre,2015,,Presente,verylow,Muito baixo,#F40000,2684,Castelândia/GO,0.0
Desastres geo-hidrológicos,60008,Gestão de risco de desastre,2015,,Presente,verylow,Muito baixo,#F40000,2,Castilho/SP,0.0
Desastres geo-hidrológicos,60008,Gestão de risco de desastre,2015,,Presente,verylow,Muito baixo,#F40000,4629,Castro Alves/BA,0.0
Desastres geo-hidrológicos,60008,Gestão de risco de desastre,2015,,Presente,verylow,Muito baixo,#F40000,5333,Castro/PR,0.0
Desastres geo-hidrológicos,60008,Gestão de risco de desastre,2015,,Presente,verylow,Muito baixo,#F40000,1896,Catanduva/SP,0.0
Desastres geo-hidrológicos,60008,Gestão de risco de desastre,2015,,Presente,verylow,Muito baixo,#F40000,3669,Catarina/CE,0.0
Desastres geo-hidrológicos,60008,Gestão de risco de desastre,2015,,Presente,verylow,Muito baixo,#F40000,921,Catas Altas da Noruega/MG,0.0
Desastres geo-hidrológicos,60008,Gestão de risco de desastre,2015,,Presente,verylow,Muito baixo,#F40000,4035,Catingueira/PB,0.0
Desastres geo-hidrológicos,60008,Gestão de risco de desastre,2015,,Presente,verylow,Muito baixo,#F40000,4630,Catolândia/BA,0.0
Desastres geo-hidrológicos,60008,Gestão de risco de desastre,2015,,Presente,verylow,Muito baixo,#F40000,4036,Catolé do Rocha/PB,0.0
Desastres geo-hidrológicos,60008,Gestão de risco de desastre,2015,,Presente,verylow,Muito baixo,#F40000,4631,Catu/BA,0.0
Desastres geo-hidrológicos,60008,Gestão de risco de desastre,2015,,Presente,verylow,Muito baixo,#F40000,922,Catuji/MG,0.0
Desastres geo-hidrológicos,60008,Gestão de risco de desastre,2015,,Presente,verylow,Muito baixo,#F40000,3670,Catunda/CE,0.0
Desastres geo-hidrológicos,60008,Gestão de risco de desastre,2015,,Presente,verylow,Muito baixo,#F40000,4632,Caturama/BA,0.0
Desastres geo-hidrológicos,60008,Gestão de risco de desastre,2015,,Presente,verylow,Muito baixo,#F40000,923,Catuti/MG,0.0
Desastres geo-hidrológicos,60008,Gestão de risco de desastre,2015,,Presente,verylow,Muito baixo,#F40000,3840,Ceará-Mirim/RN,0.0
Desastres geo-hidrológicos,60008,Gestão de risco de desastre,2015,,Presente,verylow,Muito baixo,#F40000,3239,Cedral/MA,0.0
Desastres geo-hidrológicos,60008,Gestão de risco de desastre,2015,,Presente,verylow,Muito baixo,#F40000,1898,Cedral/SP,0.0
Desastres geo-hidrológicos,60008,Gestão de risco de desastre,2015,,Presente,verylow,Muito baixo,#F40000,3672,Cedro/CE,0.0
Desastres geo-hidrológicos,60008,Gestão de risco de desastre,2015,,Presente,verylow,Muito baixo,#F40000,4503,Cedro de São João/SE,0.0
Desastres geo-hidrológicos,60008,Gestão de risco de desastre,2015,,Presente,verylow,Muito baixo,#F40000,925,Cedro do Abaeté/MG,0.0
Desastres geo-hidrológicos,60008,Gestão de risco de desastre,2015,,Presente,verylow,Muito baixo,#F40000,4914,Celso Ramos/SC,0.0
Desastres geo-hidrológicos,60008,Gestão de risco de desastre,2015,,Presente,verylow,Muito baixo,#F40000,5100,Centenário do Sul/PR,0.0
Desastres geo-hidrológicos,60008,Gestão de risco de desastre,2015,,Presente,verylow,Muito baixo,#F40000,198,Centenário/RS,0.0
Desastres geo-hidrológicos,60008,Gestão de risco de desastre,2015,,Presente,verylow,Muito baixo,#F40000,3082,Centenário/TO,0.0
Desastres geo-hidrológicos,60008,Gestão de risco de desastre,2015,,Presente,verylow,Muito baixo,#F40000,4633,Central/BA,0.0
Desastres geo-hidrológicos,60008,Gestão de risco de desastre,2015,,Presente,verylow,Muito baixo,#F40000,926,Central de Minas/MG,0.0
Desastres geo-hidrológicos,60008,Gestão de risco de desastre,2015,,Presente,verylow,Muito baixo,#F40000,3240,Central do Maranhão/MA,0.0
Desastres geo-hidrológicos,60008,Gestão de risco de desastre,2015,,Presente,verylow,Muito baixo,#F40000,3241,Centro do Guilherme/MA,0.0
Desastres geo-hidrológicos,60008,Gestão de risco de desastre,2015,,Presente,verylow,Muito baixo,#F40000,3242,Centro Novo do Maranhão/MA,0.0
Desastres geo-hidrológicos,60008,Gestão de risco de desastre,2015,,Presente,verylow,Muito baixo,#F40000,1899,Cerqueira César/SP,0.0
Desastres geo-hidrológicos,60008,Gestão de risco de desastre,2015,,Presente,verylow,Muito baixo,#F40000,202,Cerro Grande do Sul/RS,0.0
Desastres geo-hidrológicos,60008,Gestão de risco de desastre,2015,,Presente,verylow,Muito baixo,#F40000,203,Cerro Largo/RS,0.0
Desastres geo-hidrológicos,60008,Gestão de risco de desastre,2015,,Presente,verylow,Muito baixo,#F40000,5101,Céu Azul/PR,0.0
Desastres geo-hidrológicos,60008,Gestão de risco de desastre,2015,,Presente,verylow,Muito baixo,#F40000,929,Chalé/MG,0.0
Desastres geo-hidrológicos,60008,Gestão de risco de desastre,2015,,Presente,verylow,Muito baixo,#F40000,3084,Chapada da Natividade/TO,0.0
Desastres geo-hidrológicos,60008,Gestão de risco de desastre,2015,,Presente,verylow,Muito baixo,#F40000,611,Chapada dos Guimarães/MT,0.0
Desastres geo-hidrológicos,60008,Gestão de risco de desastre,2015,,Presente,verylow,Muito baixo,#F40000,662,Chapadão do Céu/GO,0.0
Desastres geo-hidrológicos,60008,Gestão de risco de desastre,2015,,Presente,verylow,Muito baixo,#F40000,3243,Chapadinha/MA,0.0
Desastres geo-hidrológicos,60008,Gestão de risco de desastre,2015,,Presente,verylow,Muito baixo,#F40000,2377,Chavantes/SP,0.0
Desastres geo-hidrológicos,60008,Gestão de risco de desastre,2015,,Presente,verylow,Muito baixo,#F40000,2966,Chaves/PA,0.0
Desastres geo-hidrológicos,60008,Gestão de risco de desastre,2015,,Presente,verylow,Muito baixo,#F40000,207,Chiapetta/RS,0.0
Desastres geo-hidrológicos,60008,Gestão de risco de desastre,2015,,Presente,verylow,Muito baixo,#F40000,3675,Chorozinho/CE,0.0
Desastres geo-hidrológicos,60008,Gestão de risco de desastre,2015,,Presente,verylow,Muito baixo,#F40000,4634,Chorrochó/BA,0.0
Desastres geo-hidrológicos,60008,Gestão de risco de desastre,2015,,Presente,verylow,Muito baixo,#F40000,5554,Chupinguaia/RO,0.0
Desastres geo-hidrológicos,60008,Gestão de risco de desastre,2015,,Presente,verylow,Muito baixo,#F40000,5103,Cianorte/PR,0.0
Desastres geo-hidrológicos,60008,Gestão de risco de desastre,2015,,Presente,verylow,Muito baixo,#F40000,4635,Cícero Dantas/BA,0.0
Desastres geo-hidrológicos,60008,Gestão de risco de desastre,2015,,Presente,verylow,Muito baixo,#F40000,5104,Cidade Gaúcha/PR,0.0
Desastres geo-hidrológicos,60008,Gestão de risco de desastre,2015,,Presente,verylow,Muito baixo,#F40000,2689,Cidade Ocidental/GO,0.0
Desastres geo-hidrológicos,60008,Gestão de risco de desastre,2015,,Presente,verylow,Muito baixo,#F40000,3244,Cidelândia/MA,0.0
Desastres geo-hidrológicos,60008,Gestão de risco de desastre,2015,,Presente,verylow,Muito baixo,#F40000,2581,Cidreira/RS,0.0
Desastres geo-hidrológicos,60008,Gestão de risco de desastre,2015,,Presente,verylow,Muito baixo,#F40000,4636,Cipó/BA,0.0
Desastres geo-hidrológicos,60008,Gestão de risco de desastre,2015,,Presente,verylow,Muito baixo,#F40000,210,Ciríaco/RS,0.0
Desastres geo-hidrológicos,60008,Gestão de risco de desastre,2015,,Presente,verylow,Muito baixo,#F40000,934,Claraval/MG,0.0
Desastres geo-hidrológicos,60008,Gestão de risco de desastre,2015,,Presente,verylow,Muito baixo,#F40000,2894,Cláudia/MT,0.0
Desastres geo-hidrológicos,60008,Gestão de risco de desastre,2015,,Presente,verylow,Muito baixo,#F40000,3462,Cocal dos Alves/PI,0.0
Desastres geo-hidrológicos,60008,Gestão de risco de desastre,2015,,Presente,verylow,Muito baixo,#F40000,2424,Cocal do Sul/SC,0.0
Desastres geo-hidrológicos,60008,Gestão de risco de desastre,2015,,Presente,verylow,Muito baixo,#F40000,4953,Cocalinho/MT,0.0
Desastres geo-hidrológicos,60008,Gestão de risco de desastre,2015,,Presente,verylow,Muito baixo,#F40000,2690,Cocalzinho de Goiás/GO,0.0
Desastres geo-hidrológicos,60008,Gestão de risco de desastre,2015,,Presente,verylow,Muito baixo,#F40000,937,Coimbra/MG,0.0
Desastres geo-hidrológicos,60008,Gestão de risco de desastre,2015,,Presente,verylow,Muito baixo,#F40000,4407,Coité do Nóia/AL,0.0
Desastres geo-hidrológicos,60008,Gestão de risco de desastre,2015,,Presente,verylow,Muito baixo,#F40000,2967,Colares/PA,0.0
Desastres geo-hidrológicos,60008,Gestão de risco de desastre,2015,,Presente,verylow,Muito baixo,#F40000,5015,Colinas do Sul/GO,0.0
Desastres geo-hidrológicos,60008,Gestão de risco de desastre,2015,,Presente,verylow,Muito baixo,#F40000,1904,Colina/SP,0.0
Desastres geo-hidrológicos,60008,Gestão de risco de desastre,2015,,Presente,verylow,Muito baixo,#F40000,211,Colinas/RS,0.0
Desastres geo-hidrológicos,60008,Gestão de risco de desastre,2015,,Presente,verylow,Muito baixo,#F40000,3144,Colméia/TO,0.0
Desastres geo-hidrológicos,60008,Gestão de risco de desastre,2015,,Presente,verylow,Muito baixo,#F40000,2896,Colniza/MT,0.0
Desastres geo-hidrológicos,60008,Gestão de risco de desastre,2015,,Presente,verylow,Muito baixo,#F40000,3464,Colônia do Gurguéia/PI,0.0
Desastres geo-hidrológicos,60008,Gestão de risco de desastre,2015,,Presente,verylow,Muito baixo,#F40000,3465,Colônia do Piauí/PI,0.0
Desastres geo-hidrológicos,60008,Gestão de risco de desastre,2015,,Presente,verylow,Muito baixo,#F40000,5526,Colorado do Oeste/RO,0.0
Desastres geo-hidrológicos,60008,Gestão de risco de desastre,2015,,Presente,verylow,Muito baixo,#F40000,212,Colorado/RS,0.0
Desastres geo-hidrológicos,60008,Gestão de risco de desastre,2015,,Presente,verylow,Muito baixo,#F40000,938,Coluna/MG,0.0
Desastres geo-hidrológicos,60008,Gestão de risco de desastre,2015,,Presente,verylow,Muito baixo,#F40000,939,Comendador Gomes/MG,0.0
Desastres geo-hidrológicos,60008,Gestão de risco de desastre,2015,,Presente,verylow,Muito baixo,#F40000,940,Comercinho/MG,0.0
Desastres geo-hidrológicos,60008,Gestão de risco de desastre,2015,,Presente,verylow,Muito baixo,#F40000,941,Conceição da Aparecida/MG,0.0
Desastres geo-hidrológicos,60008,Gestão de risco de desastre,2015,,Presente,verylow,Muito baixo,#F40000,918,Conceição da Barra de Minas/MG,0.0
Desastres geo-hidrológicos,60008,Gestão de risco de desastre,2015,,Presente,verylow,Muito baixo,#F40000,4637,Conceição da Feira/BA,0.0
Desastres geo-hidrológicos,60008,Gestão de risco de desastre,2015,,Presente,verylow,Muito baixo,#F40000,944,Conceição de Ipanema/MG,0.0
Desastres geo-hidrológicos,60008,Gestão de risco de desastre,2015,,Presente,verylow,Muito baixo,#F40000,4638,Conceição do Almeida/BA,0.0
Desastres geo-hidrológicos,60008,Gestão de risco de desastre,2015,,Presente,verylow,Muito baixo,#F40000,3466,Conceição do Canindé/PI,0.0
Desastres geo-hidrológicos,60008,Gestão de risco de desastre,2015,,Presente,verylow,Muito baixo,#F40000,946,Conceição do Pará/MG,0.0
Desastres geo-hidrológicos,60008,Gestão de risco de desastre,2015,,Presente,verylow,Muito baixo,#F40000,3087,Conceição do Tocantins/TO,0.0
Desastres geo-hidrológicos,60008,Gestão de risco de desastre,2015,,Presente,verylow,Muito baixo,#F40000,4038,Conceição/PB,0.0
Desastres geo-hidrológicos,60008,Gestão de risco de desastre,2015,,Presente,verylow,Muito baixo,#F40000,1906,Conchal/SP,0.0
Desastres geo-hidrológicos,60008,Gestão de risco de desastre,2015,,Presente,verylow,Muito baixo,#F40000,4252,Condado/PE,0.0
Desastres geo-hidrológicos,60008,Gestão de risco de desastre,2015,,Presente,verylow,Muito baixo,#F40000,4641,Conde/BA,0.0
Desastres geo-hidrológicos,60008,Gestão de risco de desastre,2015,,Presente,verylow,Muito baixo,#F40000,690,Condeúba/BA,0.0
Desastres geo-hidrológicos,60008,Gestão de risco de desastre,2015,,Presente,verylow,Muito baixo,#F40000,949,Cônego Marinho/MG,0.0
Desastres geo-hidrológicos,60008,Gestão de risco de desastre,2015,,Presente,verylow,Muito baixo,#F40000,4041,Congo/PB,0.0
Desastres geo-hidrológicos,60008,Gestão de risco de desastre,2015,,Presente,verylow,Muito baixo,#F40000,612,Conquista D'Oeste/MT,0.0
Desastres geo-hidrológicos,60008,Gestão de risco de desastre,2015,,Presente,verylow,Muito baixo,#F40000,954,Conquista/MG,0.0
Desastres geo-hidrológicos,60008,Gestão de risco de desastre,2015,,Presente,verylow,Muito baixo,#F40000,956,Conselheiro Pena/MG,0.0
Desastres geo-hidrológicos,60008,Gestão de risco de desastre,2015,,Presente,verylow,Muito baixo,#F40000,957,Consolação/MG,0.0
Desastres geo-hidrológicos,60008,Gestão de risco de desastre,2015,,Presente,verylow,Muito baixo,#F40000,214,Constantina/RS,0.0
Desastres geo-hidrológicos,60008,Gestão de risco de desastre,2015,,Presente,verylow,Muito baixo,#F40000,5338,Contenda/PR,0.0
Desastres geo-hidrológicos,60008,Gestão de risco de desastre,2015,,Presente,verylow,Muito baixo,#F40000,4642,Contendas do Sincorá/BA,0.0
Desastres geo-hidrológicos,60008,Gestão de risco de desastre,2015,,Presente,verylow,Muito baixo,#F40000,959,Coqueiral/MG,0.0
Desastres geo-hidrológicos,60008,Gestão de risco de desastre,2015,,Presente,verylow,Muito baixo,#F40000,216,Coqueiros do Sul/RS,0.0
Desastres geo-hidrológicos,60008,Gestão de risco de desastre,2015,,Presente,verylow,Muito baixo,#F40000,960,Coração de Jesus/MG,0.0
Desastres geo-hidrológicos,60008,Gestão de risco de desastre,2015,,Presente,verylow,Muito baixo,#F40000,1908,Cordeirópolis/SP,0.0
Desastres geo-hidrológicos,60008,Gestão de risco de desastre,2015,,Presente,verylow,Muito baixo,#F40000,691,Cordeiros/BA,0.0
Desastres geo-hidrológicos,60008,Gestão de risco de desastre,2015,,Presente,verylow,Muito baixo,#F40000,962,Cordislândia/MG,0.0
Desastres geo-hidrológicos,60008,Gestão de risco de desastre,2015,,Presente,verylow,Muito baixo,#F40000,3676,Coreaú/CE,0.0
Desastres geo-hidrológicos,60008,Gestão de risco de desastre,2015,,Presente,verylow,Muito baixo,#F40000,544,Corguinho/MS,0.0
Desastres geo-hidrológicos,60008,Gestão de risco de desastre,2015,,Presente,verylow,Muito baixo,#F40000,4644,Coribe/BA,0.0
Desastres geo-hidrológicos,60008,Gestão de risco de desastre,2015,,Presente,verylow,Muito baixo,#F40000,963,Corinto/MG,0.0
Desastres geo-hidrológicos,60008,Gestão de risco de desastre,2015,,Presente,verylow,Muito baixo,#F40000,5339,Cornélio Procópio/PR,0.0
Desastres geo-hidrológicos,60008,Gestão de risco de desastre,2015,,Presente,verylow,Muito baixo,#F40000,3249,Coroatá/MA,0.0
Desastres geo-hidrológicos,60008,Gestão de risco de desastre,2015,,Presente,verylow,Muito baixo,#F40000,965,Coromandel/MG,0.0
Desastres geo-hidrológicos,60008,Gestão de risco de desastre,2015,,Presente,verylow,Muito baixo,#F40000,217,Coronel Barros/RS,0.0
Desastres geo-hidrológicos,60008,Gestão de risco de desastre,2015,,Presente,verylow,Muito baixo,#F40000,5108,Coronel Domingos Soares/PR,0.0
Desastres geo-hidrológicos,60008,Gestão de risco de desastre,2015,,Presente,verylow,Muito baixo,#F40000,3843,Coronel João Pessoa/RN,0.0
Desastres geo-hidrológicos,60008,Gestão de risco de desastre,2015,,Presente,verylow,Muito baixo,#F40000,4645,Coronel João Sá/BA,0.0
Desastres geo-hidrológicos,60008,Gestão de risco de desastre,2015,,Presente,verylow,Muito baixo,#F40000,3467,Coronel José Dias/PI,0.0
Desastres geo-hidrológicos,60008,Gestão de risco de desastre,2015,,Presente,verylow,Muito baixo,#F40000,1910,Coronel Macedo/SP,0.0
Desastres geo-hidrológicos,60008,Gestão de risco de desastre,2015,,Presente,verylow,Muito baixo,#F40000,967,Coronel Murta/MG,0.0
Desastres geo-hidrológicos,60008,Gestão de risco de desastre,2015,,Presente,verylow,Muito baixo,#F40000,968,Coronel Pacheco/MG,0.0
Desastres geo-hidrológicos,60008,Gestão de risco de desastre,2015,,Presente,verylow,Muito baixo,#F40000,545,Coronel Sapucaia/MS,0.0
Desastres geo-hidrológicos,60008,Gestão de risco de desastre,2015,,Presente,verylow,Muito baixo,#F40000,5109,Coronel Vivida/PR,0.0
Desastres geo-hidrológicos,60008,Gestão de risco de desastre,2015,,Presente,verylow,Muito baixo,#F40000,970,Córrego Danta/MG,0.0
Desastres geo-hidrológicos,60008,Gestão de risco de desastre,2015,,Presente,verylow,Muito baixo,#F40000,971,Córrego do Bom Jesus/MG,0.0
Desastres geo-hidrológicos,60008,Gestão de risco de desastre,2015,,Presente,verylow,Muito baixo,#F40000,2691,Córrego do Ouro/GO,0.0
Desastres geo-hidrológicos,60008,Gestão de risco de desastre,2015,,Presente,verylow,Muito baixo,#F40000,3468,Corrente/PI,0.0
Desastres geo-hidrológicos,60008,Gestão de risco de desastre,2015,,Presente,verylow,Muito baixo,#F40000,2693,Corumbaíba/GO,0.0
Desastres geo-hidrológicos,60008,Gestão de risco de desastre,2015,,Presente,verylow,Muito baixo,#F40000,5527,Corumbiara/RO,0.0
Desastres geo-hidrológicos,60008,Gestão de risco de desastre,2015,,Presente,verylow,Muito baixo,#F40000,1912,Cosmópolis/SP,0.0
Desastres geo-hidrológicos,60008,Gestão de risco de desastre,2015,,Presente,verylow,Muito baixo,#F40000,5528,Costa Marques/RO,0.0
Desastres geo-hidrológicos,60008,Gestão de risco de desastre,2015,,Presente,verylow,Muito baixo,#F40000,547,Costa Rica/MS,0.0
Desastres geo-hidrológicos,60008,Gestão de risco de desastre,2015,,Presente,verylow,Muito baixo,#F40000,4647,Cotegipe/BA,0.0
Desastres geo-hidrológicos,60008,Gestão de risco de desastre,2015,,Presente,verylow,Muito baixo,#F40000,220,Cotiporã/RS,0.0
Desastres geo-hidrológicos,60008,Gestão de risco de desastre,2015,,Presente,verylow,Muito baixo,#F40000,2898,Cotriguaçu/MT,0.0
Desastres geo-hidrológicos,60008,Gestão de risco de desastre,2015,,Presente,verylow,Muito baixo,#F40000,3088,Couto Magalhães/TO,0.0
Desastres geo-hidrológicos,60008,Gestão de risco de desastre,2015,,Presente,verylow,Muito baixo,#F40000,548,Coxim/MS,0.0
Desastres geo-hidrológicos,60008,Gestão de risco de desastre,2015,,Presente,verylow,Muito baixo,#F40000,4043,Coxixola/PB,0.0
Desastres geo-hidrológicos,60008,Gestão de risco de desastre,2015,,Presente,verylow,Muito baixo,#F40000,4411,Craíbas/AL,0.0
Desastres geo-hidrológicos,60008,Gestão de risco de desastre,2015,,Presente,verylow,Muito baixo,#F40000,1915,Cravinhos/SP,0.0
Desastres geo-hidrológicos,60008,Gestão de risco de desastre,2015,,Presente,verylow,Muito baixo,#F40000,975,Crisólita/MG,0.0
Desastres geo-hidrológicos,60008,Gestão de risco de desastre,2015,,Presente,verylow,Muito baixo,#F40000,4649,Crisópolis/BA,0.0
Desastres geo-hidrológicos,60008,Gestão de risco de desastre,2015,,Presente,verylow,Muito baixo,#F40000,1916,Cristais Paulista/SP,0.0
Desastres geo-hidrológicos,60008,Gestão de risco de desastre,2015,,Presente,verylow,Muito baixo,#F40000,3089,Cristalândia/TO,0.0
Desastres geo-hidrológicos,60008,Gestão de risco de desastre,2015,,Presente,verylow,Muito baixo,#F40000,224,Cristal do Sul/RS,0.0
Desastres geo-hidrológicos,60008,Gestão de risco de desastre,2015,,Presente,verylow,Muito baixo,#F40000,2694,Cristalina/GO,0.0
Desastres geo-hidrológicos,60008,Gestão de risco de desastre,2015,,Presente,verylow,Muito baixo,#F40000,978,Cristiano Otoni/MG,0.0
Desastres geo-hidrológicos,60008,Gestão de risco de desastre,2015,,Presente,verylow,Muito baixo,#F40000,2695,Cristianópolis/GO,0.0
Desastres geo-hidrológicos,60008,Gestão de risco de desastre,2015,,Presente,verylow,Muito baixo,#F40000,979,Cristina/MG,0.0
Desastres geo-hidrológicos,60008,Gestão de risco de desastre,2015,,Presente,verylow,Muito baixo,#F40000,4504,Cristinápolis/SE,0.0
Desastres geo-hidrológicos,60008,Gestão de risco de desastre,2015,,Presente,verylow,Muito baixo,#F40000,3470,Cristino Castro/PI,0.0
Desastres geo-hidrológicos,60008,Gestão de risco de desastre,2015,,Presente,verylow,Muito baixo,#F40000,3090,Crixás do Tocantins/TO,0.0
Desastres geo-hidrológicos,60008,Gestão de risco de desastre,2015,,Presente,verylow,Muito baixo,#F40000,3679,Croatá/CE,0.0
Desastres geo-hidrológicos,60008,Gestão de risco de desastre,2015,,Presente,verylow,Muito baixo,#F40000,2696,Cromínia/GO,0.0
Desastres geo-hidrológicos,60008,Gestão de risco de desastre,2015,,Presente,verylow,Muito baixo,#F40000,1917,Cruzália/SP,0.0
Desastres geo-hidrológicos,60008,Gestão de risco de desastre,2015,,Presente,verylow,Muito baixo,#F40000,225,Cruz Alta/RS,0.0
Desastres geo-hidrológicos,60008,Gestão de risco de desastre,2015,,Presente,verylow,Muito baixo,#F40000,4651,Cruz das Almas/BA,0.0
Desastres geo-hidrológicos,60008,Gestão de risco de desastre,2015,,Presente,verylow,Muito baixo,#F40000,981,Cruzeiro da Fortaleza/MG,0.0
Desastres geo-hidrológicos,60008,Gestão de risco de desastre,2015,,Presente,verylow,Muito baixo,#F40000,2826,Cruzeiro do Sul/AC,0.0
Desastres geo-hidrológicos,60008,Gestão de risco de desastre,2015,,Presente,verylow,Muito baixo,#F40000,5113,Cruzeiro do Sul/PR,0.0
Desastres geo-hidrológicos,60008,Gestão de risco de desastre,2015,,Presente,verylow,Muito baixo,#F40000,1918,Cruzeiro/SP,0.0
Desastres geo-hidrológicos,60008,Gestão de risco de desastre,2015,,Presente,verylow,Muito baixo,#F40000,982,Cruzília/MG,0.0
Desastres geo-hidrológicos,60008,Gestão de risco de desastre,2015,,Presente,verylow,Muito baixo,#F40000,5443,Cruzmaltina/PR,0.0
Desastres geo-hidrológicos,60008,Gestão de risco de desastre,2015,,Presente,verylow,Muito baixo,#F40000,4045,Cubati/PB,0.0
Desastres geo-hidrológicos,60008,Gestão de risco de desastre,2015,,Presente,verylow,Muito baixo,#F40000,4047,Cuitegi/PB,0.0
Desastres geo-hidrológicos,60008,Gestão de risco de desastre,2015,,Presente,verylow,Muito baixo,#F40000,4046,Cuité/PB,0.0
Desastres geo-hidrológicos,60008,Gestão de risco de desastre,2015,,Presente,verylow,Muito baixo,#F40000,2697,Cumari/GO,0.0
Desastres geo-hidrológicos,60008,Gestão de risco de desastre,2015,,Presente,verylow,Muito baixo,#F40000,5031,Cumaru do Norte/PA,0.0
Desastres geo-hidrológicos,60008,Gestão de risco de desastre,2015,,Presente,verylow,Muito baixo,#F40000,49,Cunha Porã/SC,0.0
Desastres geo-hidrológicos,60008,Gestão de risco de desastre,2015,,Presente,verylow,Muito baixo,#F40000,50,Cunhataí/SC,0.0
Desastres geo-hidrológicos,60008,Gestão de risco de desastre,2015,,Presente,verylow,Muito baixo,#F40000,4256,Cupira/PE,0.0
Desastres geo-hidrológicos,60008,Gestão de risco de desastre,2015,,Presente,verylow,Muito baixo,#F40000,4652,Curaçá/BA,0.0
Desastres geo-hidrológicos,60008,Gestão de risco de desastre,2015,,Presente,verylow,Muito baixo,#F40000,3471,Curimatá/PI,0.0
Desastres geo-hidrológicos,60008,Gestão de risco de desastre,2015,,Presente,verylow,Muito baixo,#F40000,2428,Curitibanos/SC,0.0
Desastres geo-hidrológicos,60008,Gestão de risco de desastre,2015,,Presente,verylow,Muito baixo,#F40000,3845,Currais Novos/RN,0.0
Desastres geo-hidrológicos,60008,Gestão de risco de desastre,2015,,Presente,verylow,Muito baixo,#F40000,3473,Curralinhos/PI,0.0
Desastres geo-hidrológicos,60008,Gestão de risco de desastre,2015,,Presente,verylow,Muito baixo,#F40000,4050,Curral Velho/PB,0.0
Desastres geo-hidrológicos,60008,Gestão de risco de desastre,2015,,Presente,verylow,Muito baixo,#F40000,2864,Curuá/PA,0.0
Desastres geo-hidrológicos,60008,Gestão de risco de desastre,2015,,Presente,verylow,Muito baixo,#F40000,2972,Curuçá/PA,0.0
Desastres geo-hidrológicos,60008,Gestão de risco de desastre,2015,,Presente,verylow,Muito baixo,#F40000,3250,Cururupu/MA,0.0
Desastres geo-hidrológicos,60008,Gestão de risco de desastre,2015,,Presente,verylow,Muito baixo,#F40000,614,Curvelândia/MT,0.0
Desastres geo-hidrológicos,60008,Gestão de risco de desastre,2015,,Presente,verylow,Muito baixo,#F40000,3046,Cutias/AP,0.0
Desastres geo-hidrológicos,60008,Gestão de risco de desastre,2015,,Presente,verylow,Muito baixo,#F40000,4051,Damião/PB,0.0
Desastres geo-hidrológicos,60008,Gestão de risco de desastre,2015,,Presente,verylow,Muito baixo,#F40000,3091,Darcinópolis/TO,0.0
Desastres geo-hidrológicos,60008,Gestão de risco de desastre,2015,,Presente,verylow,Muito baixo,#F40000,692,Dário Meira/BA,0.0
Desastres geo-hidrológicos,60008,Gestão de risco de desastre,2015,,Presente,verylow,Muito baixo,#F40000,986,Datas/MG,0.0
Desastres geo-hidrológicos,60008,Gestão de risco de desastre,2015,,Presente,verylow,Muito baixo,#F40000,3251,Davinópolis/MA,0.0
Desastres geo-hidrológicos,60008,Gestão de risco de desastre,2015,,Presente,verylow,Muito baixo,#F40000,4412,Delmiro Gouveia/AL,0.0
Desastres geo-hidrológicos,60008,Gestão de risco de desastre,2015,,Presente,verylow,Muito baixo,#F40000,3475,Demerval Lobão/PI,0.0
Desastres geo-hidrológicos,60008,Gestão de risco de desastre,2015,,Presente,verylow,Muito baixo,#F40000,3681,Deputado Irapuan Pinheiro/CE,0.0
Desastres geo-hidrológicos,60008,Gestão de risco de desastre,2015,,Presente,verylow,Muito baixo,#F40000,51,Descanso/SC,0.0
Desastres geo-hidrológicos,60008,Gestão de risco de desastre,2015,,Presente,verylow,Muito baixo,#F40000,990,Descoberto/MG,0.0
Desastres geo-hidrológicos,60008,Gestão de risco de desastre,2015,,Presente,verylow,Muito baixo,#F40000,991,Desterro de Entre Rios/MG,0.0
Desastres geo-hidrológicos,60008,Gestão de risco de desastre,2015,,Presente,verylow,Muito baixo,#F40000,4052,Desterro/PB,0.0
Desastres geo-hidrológicos,60008,Gestão de risco de desastre,2015,,Presente,verylow,Muito baixo,#F40000,230,Dezesseis de Novembro/RS,0.0
Desastres geo-hidrológicos,60008,Gestão de risco de desastre,2015,,Presente,verylow,Muito baixo,#F40000,5114,Diamante do Norte/PR,0.0
Desastres geo-hidrológicos,60008,Gestão de risco de desastre,2015,,Presente,verylow,Muito baixo,#F40000,4954,Diamantino/MT,0.0
Desastres geo-hidrológicos,60008,Gestão de risco de desastre,2015,,Presente,verylow,Muito baixo,#F40000,3092,Dianópolis/TO,0.0
Desastres geo-hidrológicos,60008,Gestão de risco de desastre,2015,,Presente,verylow,Muito baixo,#F40000,4653,Dias d'Ávila/BA,0.0
Desastres geo-hidrológicos,60008,Gestão de risco de desastre,2015,,Presente,verylow,Muito baixo,#F40000,231,Dilermando de Aguiar/RS,0.0
Desastres geo-hidrológicos,60008,Gestão de risco de desastre,2015,,Presente,verylow,Muito baixo,#F40000,52,Dionísio Cerqueira/SC,0.0
Desastres geo-hidrológicos,60008,Gestão de risco de desastre,2015,,Presente,verylow,Muito baixo,#F40000,4970,Diorama/GO,0.0
Desastres geo-hidrológicos,60008,Gestão de risco de desastre,2015,,Presente,verylow,Muito baixo,#F40000,1923,Dirce Reis/SP,0.0
Desastres geo-hidrológicos,60008,Gestão de risco de desastre,2015,,Presente,verylow,Muito baixo,#F40000,998,Divino das Laranjeiras/MG,0.0
Desastres geo-hidrológicos,60008,Gestão de risco de desastre,2015,,Presente,verylow,Muito baixo,#F40000,999,Divinolândia de Minas/MG,0.0
Desastres geo-hidrológicos,60008,Gestão de risco de desastre,2015,,Presente,verylow,Muito baixo,#F40000,997,Divino/MG,0.0
Desastres geo-hidrológicos,60008,Gestão de risco de desastre,2015,,Presente,verylow,Muito baixo,#F40000,4879,Divinópolis de Goiás/GO,0.0
Desastres geo-hidrológicos,60008,Gestão de risco de desastre,2015,,Presente,verylow,Muito baixo,#F40000,3093,Divinópolis do Tocantins/TO,0.0
Desastres geo-hidrológicos,60008,Gestão de risco de desastre,2015,,Presente,verylow,Muito baixo,#F40000,1001,Divisa Alegre/MG,0.0
Desastres geo-hidrológicos,60008,Gestão de risco de desastre,2015,,Presente,verylow,Muito baixo,#F40000,1925,Dobrada/SP,0.0
Desastres geo-hidrológicos,60008,Gestão de risco de desastre,2015,,Presente,verylow,Muito baixo,#F40000,1926,Dois Córregos/SP,0.0
Desastres geo-hidrológicos,60008,Gestão de risco de desastre,2015,,Presente,verylow,Muito baixo,#F40000,550,Dois Irmãos do Buriti/MS,0.0
Desastres geo-hidrológicos,60008,Gestão de risco de desastre,2015,,Presente,verylow,Muito baixo,#F40000,3094,Dois Irmãos do Tocantins/TO,0.0
Desastres geo-hidrológicos,60008,Gestão de risco de desastre,2015,,Presente,verylow,Muito baixo,#F40000,4413,Dois Riachos/AL,0.0
Desastres geo-hidrológicos,60008,Gestão de risco de desastre,2015,,Presente,verylow,Muito baixo,#F40000,4654,Dom Basílio/BA,0.0
Desastres geo-hidrológicos,60008,Gestão de risco de desastre,2015,,Presente,verylow,Muito baixo,#F40000,1004,Dom Bosco/MG,0.0
Desastres geo-hidrológicos,60008,Gestão de risco de desastre,2015,,Presente,verylow,Muito baixo,#F40000,234,Dom Feliciano/RS,0.0
Desastres geo-hidrológicos,60008,Gestão de risco de desastre,2015,,Presente,verylow,Muito baixo,#F40000,3479,Dom Inocêncio/PI,0.0
Desastres geo-hidrológicos,60008,Gestão de risco de desastre,2015,,Presente,verylow,Muito baixo,#F40000,4655,Dom Macedo Costa/BA,0.0
Desastres geo-hidrológicos,60008,Gestão de risco de desastre,2015,,Presente,verylow,Muito baixo,#F40000,2583,Dom Pedro de Alcântara/RS,0.0
Desastres geo-hidrológicos,60008,Gestão de risco de desastre,2015,,Presente,verylow,Muito baixo,#F40000,3252,Dom Pedro/MA,0.0
Desastres geo-hidrológicos,60008,Gestão de risco de desastre,2015,,Presente,verylow,Muito baixo,#F40000,1008,Dom Viçoso/MG,0.0
Desastres geo-hidrológicos,60008,Gestão de risco de desastre,2015,,Presente,verylow,Muito baixo,#F40000,4055,Dona Inês/PB,0.0
Desastres geo-hidrológicos,60008,Gestão de risco de desastre,2015,,Presente,verylow,Muito baixo,#F40000,1011,Dores de Guanhães/MG,0.0
Desastres geo-hidrológicos,60008,Gestão de risco de desastre,2015,,Presente,verylow,Muito baixo,#F40000,1013,Dores do Turvo/MG,0.0
Desastres geo-hidrológicos,60008,Gestão de risco de desastre,2015,,Presente,verylow,Muito baixo,#F40000,1014,Doresópolis/MG,0.0
Desastres geo-hidrológicos,60008,Gestão de risco de desastre,2015,,Presente,verylow,Muito baixo,#F40000,4258,Dormentes/PE,0.0
Desastres geo-hidrológicos,60008,Gestão de risco de desastre,2015,,Presente,verylow,Muito baixo,#F40000,551,Douradina/MS,0.0
Desastres geo-hidrológicos,60008,Gestão de risco de desastre,2015,,Presente,verylow,Muito baixo,#F40000,5118,Douradina/PR,0.0
Desastres geo-hidrológicos,60008,Gestão de risco de desastre,2015,,Presente,verylow,Muito baixo,#F40000,1015,Douradoquara/MG,0.0
Desastres geo-hidrológicos,60008,Gestão de risco de desastre,2015,,Presente,verylow,Muito baixo,#F40000,552,Dourados/MS,0.0
Desastres geo-hidrológicos,60008,Gestão de risco de desastre,2015,,Presente,verylow,Muito baixo,#F40000,1928,Dourado/SP,0.0
Desastres geo-hidrológicos,60008,Gestão de risco de desastre,2015,,Presente,verylow,Muito baixo,#F40000,5119,Doutor Camargo/PR,0.0
Desastres geo-hidrológicos,60008,Gestão de risco de desastre,2015,,Presente,verylow,Muito baixo,#F40000,238,Doutor Ricardo/RS,0.0
Desastres geo-hidrológicos,60008,Gestão de risco de desastre,2015,,Presente,verylow,Muito baixo,#F40000,3846,Doutor Severiano/RN,0.0
Desastres geo-hidrológicos,60008,Gestão de risco de desastre,2015,,Presente,verylow,Muito baixo,#F40000,663,Doverlândia/GO,0.0
Desastres geo-hidrológicos,60008,Gestão de risco de desastre,2015,,Presente,verylow,Muito baixo,#F40000,1929,Duartina/SP,0.0
Desastres geo-hidrológicos,60008,Gestão de risco de desastre,2015,,Presente,verylow,Muito baixo,#F40000,4056,Duas Estradas/PB,0.0
Desastres geo-hidrológicos,60008,Gestão de risco de desastre,2015,,Presente,verylow,Muito baixo,#F40000,3095,Dueré/TO,0.0
Desastres geo-hidrológicos,60008,Gestão de risco de desastre,2015,,Presente,verylow,Muito baixo,#F40000,1016,Durandé/MG,0.0
Desastres geo-hidrológicos,60008,Gestão de risco de desastre,2015,,Presente,verylow,Muito baixo,#F40000,1931,Echaporã/SP,0.0
Desastres geo-hidrológicos,60008,Gestão de risco de desastre,2015,,Presente,verylow,Muito baixo,#F40000,2702,Edéia/GO,0.0
Desastres geo-hidrológicos,60008,Gestão de risco de desastre,2015,,Presente,verylow,Muito baixo,#F40000,553,Eldorado/MS,0.0
Desastres geo-hidrológicos,60008,Gestão de risco de desastre,2015,,Presente,verylow,Muito baixo,#F40000,3480,Elesbão Veloso/PI,0.0
Desastres geo-hidrológicos,60008,Gestão de risco de desastre,2015,,Presente,verylow,Muito baixo,#F40000,1933,Elias Fausto/SP,0.0
Desastres geo-hidrológicos,60008,Gestão de risco de desastre,2015,,Presente,verylow,Muito baixo,#F40000,3481,Eliseu Martins/PI,0.0
Desastres geo-hidrológicos,60008,Gestão de risco de desastre,2015,,Presente,verylow,Muito baixo,#F40000,4656,Elísio Medrado/BA,0.0
Desastres geo-hidrológicos,60008,Gestão de risco de desastre,2015,,Presente,verylow,Muito baixo,#F40000,1017,Elói Mendes/MG,0.0
Desastres geo-hidrológicos,60008,Gestão de risco de desastre,2015,,Presente,verylow,Muito baixo,#F40000,693,Encruzilhada/BA,0.0
Desastres geo-hidrológicos,60008,Gestão de risco de desastre,2015,,Presente,verylow,Muito baixo,#F40000,240,Encruzilhada do Sul/RS,0.0
Desastres geo-hidrológicos,60008,Gestão de risco de desastre,2015,,Presente,verylow,Muito baixo,#F40000,5120,Enéas Marques/PR,0.0
Desastres geo-hidrológicos,60008,Gestão de risco de desastre,2015,,Presente,verylow,Muito baixo,#F40000,5121,Engenheiro Beltrão/PR,0.0
Desastres geo-hidrológicos,60008,Gestão de risco de desastre,2015,,Presente,verylow,Muito baixo,#F40000,1019,Engenheiro Navarro/MG,0.0
Desastres geo-hidrológicos,60008,Gestão de risco de desastre,2015,,Presente,verylow,Muito baixo,#F40000,241,Engenho Velho/RS,0.0
Desastres geo-hidrológicos,60008,Gestão de risco de desastre,2015,,Presente,verylow,Muito baixo,#F40000,4657,Entre Rios/BA,0.0
Desastres geo-hidrológicos,60008,Gestão de risco de desastre,2015,,Presente,verylow,Muito baixo,#F40000,5123,Entre Rios do Oeste/PR,0.0
Desastres geo-hidrológicos,60008,Gestão de risco de desastre,2015,,Presente,verylow,Muito baixo,#F40000,53,Entre Rios/SC,0.0
Desastres geo-hidrológicos,60008,Gestão de risco de desastre,2015,,Presente,verylow,Muito baixo,#F40000,3849,Equador/RN,0.0
Desastres geo-hidrológicos,60008,Gestão de risco de desastre,2015,,Presente,verylow,Muito baixo,#F40000,244,Erebango/RS,0.0
Desastres geo-hidrológicos,60008,Gestão de risco de desastre,2015,,Presente,verylow,Muito baixo,#F40000,3682,Ereré/CE,0.0
Desastres geo-hidrológicos,60008,Gestão de risco de desastre,2015,,Presente,verylow,Muito baixo,#F40000,4569,Érico Cardoso/BA,0.0
Desastres geo-hidrológicos,60008,Gestão de risco de desastre,2015,,Presente,verylow,Muito baixo,#F40000,2431,Ermo/SC,0.0
Desastres geo-hidrológicos,60008,Gestão de risco de desastre,2015,,Presente,verylow,Muito baixo,#F40000,4915,Erval Velho/SC,0.0
Desastres geo-hidrológicos,60008,Gestão de risco de desastre,2015,,Presente,verylow,Muito baixo,#F40000,1023,Esmeraldas/MG,0.0
Desastres geo-hidrológicos,60008,Gestão de risco de desastre,2015,,Presente,verylow,Muito baixo,#F40000,4058,Esperança/PB,0.0
Desastres geo-hidrológicos,60008,Gestão de risco de desastre,2015,,Presente,verylow,Muito baixo,#F40000,5529,Espigão D'Oeste/RO,0.0
Desastres geo-hidrológicos,60008,Gestão de risco de desastre,2015,,Presente,verylow,Muito baixo,#F40000,1026,Espírito Santo do Dourado/MG,0.0
Desastres geo-hidrológicos,60008,Gestão de risco de desastre,2015,,Presente,verylow,Muito baixo,#F40000,3850,Espírito Santo/RN,0.0
Desastres geo-hidrológicos,60008,Gestão de risco de desastre,2015,,Presente,verylow,Muito baixo,#F40000,4658,Esplanada/BA,0.0
Desastres geo-hidrológicos,60008,Gestão de risco de desastre,2015,,Presente,verylow,Muito baixo,#F40000,4507,Estância/SE,0.0
Desastres geo-hidrológicos,60008,Gestão de risco de desastre,2015,,Presente,verylow,Muito baixo,#F40000,2586,Esteio/RS,0.0
Desastres geo-hidrológicos,60008,Gestão de risco de desastre,2015,,Presente,verylow,Muito baixo,#F40000,1027,Estiva/MG,0.0
Desastres geo-hidrológicos,60008,Gestão de risco de desastre,2015,,Presente,verylow,Muito baixo,#F40000,3255,Estreito/MA,0.0
Desastres geo-hidrológicos,60008,Gestão de risco de desastre,2015,,Presente,verylow,Muito baixo,#F40000,1028,Estrela Dalva/MG,0.0
Desastres geo-hidrológicos,60008,Gestão de risco de desastre,2015,,Presente,verylow,Muito baixo,#F40000,1941,Estrela d'Oeste/SP,0.0
Desastres geo-hidrológicos,60008,Gestão de risco de desastre,2015,,Presente,verylow,Muito baixo,#F40000,1029,Estrela do Indaiá/MG,0.0
Desastres geo-hidrológicos,60008,Gestão de risco de desastre,2015,,Presente,verylow,Muito baixo,#F40000,4877,Estrela do Norte/GO,0.0
Desastres geo-hidrológicos,60008,Gestão de risco de desastre,2015,,Presente,verylow,Muito baixo,#F40000,4,Estrela do Norte/SP,0.0
Desastres geo-hidrológicos,60008,Gestão de risco de desastre,2015,,Presente,verylow,Muito baixo,#F40000,1030,Estrela do Sul/MG,0.0
Desastres geo-hidrológicos,60008,Gestão de risco de desastre,2015,,Presente,verylow,Muito baixo,#F40000,254,Estrela Velha/RS,0.0
Desastres geo-hidrológicos,60008,Gestão de risco de desastre,2015,,Presente,verylow,Muito baixo,#F40000,5,Euclides da Cunha Paulista/SP,0.0
Desastres geo-hidrológicos,60008,Gestão de risco de desastre,2015,,Presente,verylow,Muito baixo,#F40000,4059,Fagundes/PB,0.0
Desastres geo-hidrológicos,60008,Gestão de risco de desastre,2015,,Presente,verylow,Muito baixo,#F40000,2703,Faina/GO,0.0
Desastres geo-hidrológicos,60008,Gestão de risco de desastre,2015,,Presente,verylow,Muito baixo,#F40000,1034,Fama/MG,0.0
Desastres geo-hidrológicos,60008,Gestão de risco de desastre,2015,,Presente,verylow,Muito baixo,#F40000,1035,Faria Lemos/MG,0.0
Desastres geo-hidrológicos,60008,Gestão de risco de desastre,2015,,Presente,verylow,Muito baixo,#F40000,5125,Farol/PR,0.0
Desastres geo-hidrológicos,60008,Gestão de risco de desastre,2015,,Presente,verylow,Muito baixo,#F40000,2865,Faro/PA,0.0
Desastres geo-hidrológicos,60008,Gestão de risco de desastre,2015,,Presente,verylow,Muito baixo,#F40000,1942,Fartura/SP,0.0
Desastres geo-hidrológicos,60008,Gestão de risco de desastre,2015,,Presente,verylow,Muito baixo,#F40000,4660,Fátima/BA,0.0
Desastres geo-hidrológicos,60008,Gestão de risco de desastre,2015,,Presente,verylow,Muito baixo,#F40000,3097,Fátima/TO,0.0
Desastres geo-hidrológicos,60008,Gestão de risco de desastre,2015,,Presente,verylow,Muito baixo,#F40000,258,Faxinalzinho/RS,0.0
Desastres geo-hidrológicos,60008,Gestão de risco de desastre,2015,,Presente,verylow,Muito baixo,#F40000,2704,Fazenda Nova/GO,0.0
Desastres geo-hidrológicos,60008,Gestão de risco de desastre,2015,,Presente,verylow,Muito baixo,#F40000,4661,Feira de Santana/BA,0.0
Desastres geo-hidrológicos,60008,Gestão de risco de desastre,2015,,Presente,verylow,Muito baixo,#F40000,4415,Feira Grande/AL,0.0
Desastres geo-hidrológicos,60008,Gestão de risco de desastre,2015,,Presente,verylow,Muito baixo,#F40000,4508,Feira Nova/SE,0.0
Desastres geo-hidrológicos,60008,Gestão de risco de desastre,2015,,Presente,verylow,Muito baixo,#F40000,3852,Felipe Guerra/RN,0.0
Desastres geo-hidrológicos,60008,Gestão de risco de desastre,2015,,Presente,verylow,Muito baixo,#F40000,1038,Felisburgo/MG,0.0
Desastres geo-hidrológicos,60008,Gestão de risco de desastre,2015,,Presente,verylow,Muito baixo,#F40000,3257,Fernando Falcão/MA,0.0
Desastres geo-hidrológicos,60008,Gestão de risco de desastre,2015,,Presente,verylow,Muito baixo,#F40000,3853,Fernando Pedroza/RN,0.0
Desastres geo-hidrológicos,60008,Gestão de risco de desastre,2015,,Presente,verylow,Muito baixo,#F40000,1946,Ferraz de Vasconcelos/SP,0.0
Desastres geo-hidrológicos,60008,Gestão de risco de desastre,2015,,Presente,verylow,Muito baixo,#F40000,4263,Ferreiros/PE,0.0
Desastres geo-hidrológicos,60008,Gestão de risco de desastre,2015,,Presente,verylow,Muito baixo,#F40000,1041,Ferros/MG,0.0
Desastres geo-hidrológicos,60008,Gestão de risco de desastre,2015,,Presente,verylow,Muito baixo,#F40000,555,Figueirão/MS,0.0
Desastres geo-hidrológicos,60008,Gestão de risco de desastre,2015,,Presente,verylow,Muito baixo,#F40000,3098,Figueirópolis/TO,0.0
Desastres geo-hidrológicos,60008,Gestão de risco de desastre,2015,,Presente,verylow,Muito baixo,#F40000,4662,Filadélfia/BA,0.0
Desastres geo-hidrológicos,60008,Gestão de risco de desastre,2015,,Presente,verylow,Muito baixo,#F40000,695,Firmino Alves/BA,0.0
Desastres geo-hidrológicos,60008,Gestão de risco de desastre,2015,,Presente,verylow,Muito baixo,#F40000,2705,Firminópolis/GO,0.0
Desastres geo-hidrológicos,60008,Gestão de risco de desastre,2015,,Presente,verylow,Muito baixo,#F40000,3854,Florânia/RN,0.0
Desastres geo-hidrológicos,60008,Gestão de risco de desastre,2015,,Presente,verylow,Muito baixo,#F40000,4900,Flora Rica/SP,0.0
Desastres geo-hidrológicos,60008,Gestão de risco de desastre,2015,,Presente,verylow,Muito baixo,#F40000,3484,Flores do Piauí/PI,0.0
Desastres geo-hidrológicos,60008,Gestão de risco de desastre,2015,,Presente,verylow,Muito baixo,#F40000,4264,Flores/PE,0.0
Desastres geo-hidrológicos,60008,Gestão de risco de desastre,2015,,Presente,verylow,Muito baixo,#F40000,5445,Florestópolis/PR,0.0
Desastres geo-hidrológicos,60008,Gestão de risco de desastre,2015,,Presente,verylow,Muito baixo,#F40000,260,Floriano Peixoto/RS,0.0
Desastres geo-hidrológicos,60008,Gestão de risco de desastre,2015,,Presente,verylow,Muito baixo,#F40000,1948,Flórida Paulista/SP,0.0
Desastres geo-hidrológicos,60008,Gestão de risco de desastre,2015,,Presente,verylow,Muito baixo,#F40000,5130,Flórida/PR,0.0
Desastres geo-hidrológicos,60008,Gestão de risco de desastre,2015,,Presente,verylow,Muito baixo,#F40000,1949,Florínea/SP,0.0
Desastres geo-hidrológicos,60008,Gestão de risco de desastre,2015,,Presente,verylow,Muito baixo,#F40000,1044,Formiga/MG,0.0
Desastres geo-hidrológicos,60008,Gestão de risco de desastre,2015,,Presente,verylow,Muito baixo,#F40000,262,Formigueiro/RS,0.0
Desastres geo-hidrológicos,60008,Gestão de risco de desastre,2015,,Presente,verylow,Muito baixo,#F40000,5131,Formosa do Oeste/PR,0.0
Desastres geo-hidrológicos,60008,Gestão de risco de desastre,2015,,Presente,verylow,Muito baixo,#F40000,4663,Formosa do Rio Preto/BA,0.0
Desastres geo-hidrológicos,60008,Gestão de risco de desastre,2015,,Presente,verylow,Muito baixo,#F40000,3100,Formoso do Araguaia/TO,0.0
Desastres geo-hidrológicos,60008,Gestão de risco de desastre,2015,,Presente,verylow,Muito baixo,#F40000,4878,Formoso/GO,0.0
Desastres geo-hidrológicos,60008,Gestão de risco de desastre,2015,,Presente,verylow,Muito baixo,#F40000,263,Forquetinha/RS,0.0
Desastres geo-hidrológicos,60008,Gestão de risco de desastre,2015,,Presente,verylow,Muito baixo,#F40000,3685,Forquilha/CE,0.0
Desastres geo-hidrológicos,60008,Gestão de risco de desastre,2015,,Presente,verylow,Muito baixo,#F40000,3259,Fortaleza dos Nogueiras/MA,0.0
Desastres geo-hidrológicos,60008,Gestão de risco de desastre,2015,,Presente,verylow,Muito baixo,#F40000,264,Fortaleza dos Valos/RS,0.0
Desastres geo-hidrológicos,60008,Gestão de risco de desastre,2015,,Presente,verylow,Muito baixo,#F40000,3260,Fortuna/MA,0.0
Desastres geo-hidrológicos,60008,Gestão de risco de desastre,2015,,Presente,verylow,Muito baixo,#F40000,5134,Foz do Jordão/PR,0.0
Desastres geo-hidrológicos,60008,Gestão de risco de desastre,2015,,Presente,verylow,Muito baixo,#F40000,1950,Franca/SP,0.0
Desastres geo-hidrológicos,60008,Gestão de risco de desastre,2015,,Presente,verylow,Muito baixo,#F40000,3488,Francisco Ayres/PI,0.0
Desastres geo-hidrológicos,60008,Gestão de risco de desastre,2015,,Presente,verylow,Muito baixo,#F40000,1048,Francisco Badaró/MG,0.0
Desastres geo-hidrológicos,60008,Gestão de risco de desastre,2015,,Presente,verylow,Muito baixo,#F40000,3855,Francisco Dantas/RN,0.0
Desastres geo-hidrológicos,60008,Gestão de risco de desastre,2015,,Presente,verylow,Muito baixo,#F40000,1049,Francisco Dumont/MG,0.0
Desastres geo-hidrológicos,60008,Gestão de risco de desastre,2015,,Presente,verylow,Muito baixo,#F40000,3489,Francisco Macedo/PI,0.0
Desastres geo-hidrológicos,60008,Gestão de risco de desastre,2015,,Presente,verylow,Muito baixo,#F40000,1051,Franciscópolis/MG,0.0
Desastres geo-hidrológicos,60008,Gestão de risco de desastre,2015,,Presente,verylow,Muito baixo,#F40000,3688,Frecheirinha/CE,0.0
Desastres geo-hidrológicos,60008,Gestão de risco de desastre,2015,,Presente,verylow,Muito baixo,#F40000,1052,Frei Gaspar/MG,0.0
Desastres geo-hidrológicos,60008,Gestão de risco de desastre,2015,,Presente,verylow,Muito baixo,#F40000,4509,Frei Paulo/SE,0.0
Desastres geo-hidrológicos,60008,Gestão de risco de desastre,2015,,Presente,verylow,Muito baixo,#F40000,2435,Frei Rogério/SC,0.0
Desastres geo-hidrológicos,60008,Gestão de risco de desastre,2015,,Presente,verylow,Muito baixo,#F40000,1056,Fronteira dos Vales/MG,0.0
Desastres geo-hidrológicos,60008,Gestão de risco de desastre,2015,,Presente,verylow,Muito baixo,#F40000,1055,Fronteira/MG,0.0
Desastres geo-hidrológicos,60008,Gestão de risco de desastre,2015,,Presente,verylow,Muito baixo,#F40000,3491,Fronteiras/PI,0.0
Desastres geo-hidrológicos,60008,Gestão de risco de desastre,2015,,Presente,verylow,Muito baixo,#F40000,1057,Fruta de Leite/MG,0.0
Desastres geo-hidrológicos,60008,Gestão de risco de desastre,2015,,Presente,verylow,Muito baixo,#F40000,3856,Frutuoso Gomes/RN,0.0
Desastres geo-hidrológicos,60008,Gestão de risco de desastre,2015,,Presente,verylow,Muito baixo,#F40000,1059,Funilândia/MG,0.0
Desastres geo-hidrológicos,60008,Gestão de risco de desastre,2015,,Presente,verylow,Muito baixo,#F40000,1953,Gabriel Monteiro/SP,0.0
Desastres geo-hidrológicos,60008,Gestão de risco de desastre,2015,,Presente,verylow,Muito baixo,#F40000,4061,Gado Bravo/PB,0.0
Desastres geo-hidrológicos,60008,Gestão de risco de desastre,2015,,Presente,verylow,Muito baixo,#F40000,1954,Gália/SP,0.0
Desastres geo-hidrológicos,60008,Gestão de risco de desastre,2015,,Presente,verylow,Muito baixo,#F40000,3857,Galinhos/RN,0.0
Desastres geo-hidrológicos,60008,Gestão de risco de desastre,2015,,Presente,verylow,Muito baixo,#F40000,2707,Gameleira de Goiás/GO,0.0
Desastres geo-hidrológicos,60008,Gestão de risco de desastre,2015,,Presente,verylow,Muito baixo,#F40000,4510,Gararu/SE,0.0
Desastres geo-hidrológicos,60008,Gestão de risco de desastre,2015,,Presente,verylow,Muito baixo,#F40000,267,Garruchos/RS,0.0
Desastres geo-hidrológicos,60008,Gestão de risco de desastre,2015,,Presente,verylow,Muito baixo,#F40000,1956,Gastão Vidigal/SP,0.0
Desastres geo-hidrológicos,60008,Gestão de risco de desastre,2015,,Presente,verylow,Muito baixo,#F40000,2900,Gaúcha do Norte/MT,0.0
Desastres geo-hidrológicos,60008,Gestão de risco de desastre,2015,,Presente,verylow,Muito baixo,#F40000,268,Gaurama/RS,0.0
Desastres geo-hidrológicos,60008,Gestão de risco de desastre,2015,,Presente,verylow,Muito baixo,#F40000,4665,Gavião/BA,0.0
Desastres geo-hidrológicos,60008,Gestão de risco de desastre,2015,,Presente,verylow,Muito baixo,#F40000,618,General Carneiro/MT,0.0
Desastres geo-hidrológicos,60008,Gestão de risco de desastre,2015,,Presente,verylow,Muito baixo,#F40000,4511,General Maynard/SE,0.0
Desastres geo-hidrológicos,60008,Gestão de risco de desastre,2015,,Presente,verylow,Muito baixo,#F40000,3689,General Sampaio/CE,0.0
Desastres geo-hidrológicos,60008,Gestão de risco de desastre,2015,,Presente,verylow,Muito baixo,#F40000,270,Gentil/RS,0.0
Desastres geo-hidrológicos,60008,Gestão de risco de desastre,2015,,Presente,verylow,Muito baixo,#F40000,4666,Gentio do Ouro/BA,0.0
Desastres geo-hidrológicos,60008,Gestão de risco de desastre,2015,,Presente,verylow,Muito baixo,#F40000,271,Getúlio Vargas/RS,0.0
Desastres geo-hidrológicos,60008,Gestão de risco de desastre,2015,,Presente,verylow,Muito baixo,#F40000,3493,Gilbués/PI,0.0
Desastres geo-hidrológicos,60008,Gestão de risco de desastre,2015,,Presente,verylow,Muito baixo,#F40000,4418,Girau do Ponciano/AL,0.0
Desastres geo-hidrológicos,60008,Gestão de risco de desastre,2015,,Presente,verylow,Muito baixo,#F40000,272,Giruá/RS,0.0
Desastres geo-hidrológicos,60008,Gestão de risco de desastre,2015,,Presente,verylow,Muito baixo,#F40000,1062,Glaucilândia/MG,0.0
Desastres geo-hidrológicos,60008,Gestão de risco de desastre,2015,,Presente,verylow,Muito baixo,#F40000,4667,Glória/BA,0.0
Desastres geo-hidrológicos,60008,Gestão de risco de desastre,2015,,Presente,verylow,Muito baixo,#F40000,556,Glória de Dourados/MS,0.0
Desastres geo-hidrológicos,60008,Gestão de risco de desastre,2015,,Presente,verylow,Muito baixo,#F40000,2589,Glorinha/RS,0.0
Desastres geo-hidrológicos,60008,Gestão de risco de desastre,2015,,Presente,verylow,Muito baixo,#F40000,3261,Godofredo Viana/MA,0.0
Desastres geo-hidrológicos,60008,Gestão de risco de desastre,2015,,Presente,verylow,Muito baixo,#F40000,5135,Godoy Moreira/PR,0.0
Desastres geo-hidrológicos,60008,Gestão de risco de desastre,2015,,Presente,verylow,Muito baixo,#F40000,1064,Goianá/MG,0.0
Desastres geo-hidrológicos,60008,Gestão de risco de desastre,2015,,Presente,verylow,Muito baixo,#F40000,2708,Goianápolis/GO,0.0
Desastres geo-hidrológicos,60008,Gestão de risco de desastre,2015,,Presente,verylow,Muito baixo,#F40000,2709,Goiandira/GO,0.0
Desastres geo-hidrológicos,60008,Gestão de risco de desastre,2015,,Presente,verylow,Muito baixo,#F40000,2710,Goianésia/GO,0.0
Desastres geo-hidrológicos,60008,Gestão de risco de desastre,2015,,Presente,verylow,Muito baixo,#F40000,2711,Goiânia/GO,0.0
Desastres geo-hidrológicos,60008,Gestão de risco de desastre,2015,,Presente,verylow,Muito baixo,#F40000,3858,Goianinha/RN,0.0
Desastres geo-hidrológicos,60008,Gestão de risco de desastre,2015,,Presente,verylow,Muito baixo,#F40000,2712,Goianira/GO,0.0
Desastres geo-hidrológicos,60008,Gestão de risco de desastre,2015,,Presente,verylow,Muito baixo,#F40000,3103,Goiatins/TO,0.0
Desastres geo-hidrológicos,60008,Gestão de risco de desastre,2015,,Presente,verylow,Muito baixo,#F40000,2714,Goiatuba/GO,0.0
Desastres geo-hidrológicos,60008,Gestão de risco de desastre,2015,,Presente,verylow,Muito baixo,#F40000,5137,Goioxim/PR,0.0
Desastres geo-hidrológicos,60008,Gestão de risco de desastre,2015,,Presente,verylow,Muito baixo,#F40000,3262,Gonçalves Dias/MA,0.0
Desastres geo-hidrológicos,60008,Gestão de risco de desastre,2015,,Presente,verylow,Muito baixo,#F40000,1065,Gonçalves/MG,0.0
Desastres geo-hidrológicos,60008,Gestão de risco de desastre,2015,,Presente,verylow,Muito baixo,#F40000,4990,Gongogi/BA,0.0
Desastres geo-hidrológicos,60008,Gestão de risco de desastre,2015,,Presente,verylow,Muito baixo,#F40000,1066,Gonzaga/MG,0.0
Desastres geo-hidrológicos,60008,Gestão de risco de desastre,2015,,Presente,verylow,Muito baixo,#F40000,2715,Gouvelândia/GO,0.0
Desastres geo-hidrológicos,60008,Gestão de risco de desastre,2015,,Presente,verylow,Muito baixo,#F40000,3263,Governador Archer/MA,0.0
Desastres geo-hidrológicos,60008,Gestão de risco de desastre,2015,,Presente,verylow,Muito baixo,#F40000,3859,Governador Dix-Sept Rosado/RN,0.0
Desastres geo-hidrológicos,60008,Gestão de risco de desastre,2015,,Presente,verylow,Muito baixo,#F40000,3265,Governador Eugênio Barros/MA,0.0
Desastres geo-hidrológicos,60008,Gestão de risco de desastre,2015,,Presente,verylow,Muito baixo,#F40000,5556,Governador Jorge Teixeira/RO,0.0
Desastres geo-hidrológicos,60008,Gestão de risco de desastre,2015,,Presente,verylow,Muito baixo,#F40000,3266,Governador Luiz Rocha/MA,0.0
Desastres geo-hidrológicos,60008,Gestão de risco de desastre,2015,,Presente,verylow,Muito baixo,#F40000,4668,Governador Mangabeira/BA,0.0
Desastres geo-hidrológicos,60008,Gestão de risco de desastre,2015,,Presente,verylow,Muito baixo,#F40000,3267,Governador Newton Bello/MA,0.0
Desastres geo-hidrológicos,60008,Gestão de risco de desastre,2015,,Presente,verylow,Muito baixo,#F40000,3268,Governador Nunes Freire/MA,0.0
Desastres geo-hidrológicos,60008,Gestão de risco de desastre,2015,,Presente,verylow,Muito baixo,#F40000,3269,Graça Aranha/MA,0.0
Desastres geo-hidrológicos,60008,Gestão de risco de desastre,2015,,Presente,verylow,Muito baixo,#F40000,4512,Gracho Cardoso/SE,0.0
Desastres geo-hidrológicos,60008,Gestão de risco de desastre,2015,,Presente,verylow,Muito baixo,#F40000,273,Gramado dos Loureiros/RS,0.0
Desastres geo-hidrológicos,60008,Gestão de risco de desastre,2015,,Presente,verylow,Muito baixo,#F40000,274,Gramado Xavier/RS,0.0
Desastres geo-hidrológicos,60008,Gestão de risco de desastre,2015,,Presente,verylow,Muito baixo,#F40000,5447,Grandes Rios/PR,0.0
Desastres geo-hidrológicos,60008,Gestão de risco de desastre,2015,,Presente,verylow,Muito baixo,#F40000,4271,Granito/PE,0.0
Desastres geo-hidrológicos,60008,Gestão de risco de desastre,2015,,Presente,verylow,Muito baixo,#F40000,1069,Grão Mogol/MG,0.0
Desastres geo-hidrológicos,60008,Gestão de risco de desastre,2015,,Presente,verylow,Muito baixo,#F40000,2441,Gravatal/SC,0.0
Desastres geo-hidrológicos,60008,Gestão de risco de desastre,2015,,Presente,verylow,Muito baixo,#F40000,4272,Gravatá/PE,0.0
Desastres geo-hidrológicos,60008,Gestão de risco de desastre,2015,,Presente,verylow,Muito baixo,#F40000,3693,Groaíras/CE,0.0
Desastres geo-hidrológicos,60008,Gestão de risco de desastre,2015,,Presente,verylow,Muito baixo,#F40000,4933,Guaíba/RS,0.0
Desastres geo-hidrológicos,60008,Gestão de risco de desastre,2015,,Presente,verylow,Muito baixo,#F40000,1962,Guaimbê/SP,0.0
Desastres geo-hidrológicos,60008,Gestão de risco de desastre,2015,,Presente,verylow,Muito baixo,#F40000,5139,Guairaçá/PR,0.0
Desastres geo-hidrológicos,60008,Gestão de risco de desastre,2015,,Presente,verylow,Muito baixo,#F40000,5138,Guaíra/PR,0.0
Desastres geo-hidrológicos,60008,Gestão de risco de desastre,2015,,Presente,verylow,Muito baixo,#F40000,1963,Guaíra/SP,0.0
Desastres geo-hidrológicos,60008,Gestão de risco de desastre,2015,,Presente,verylow,Muito baixo,#F40000,3694,Guaiúba/CE,0.0
Desastres geo-hidrológicos,60008,Gestão de risco de desastre,2015,,Presente,verylow,Muito baixo,#F40000,5530,Guajará-Mirim/RO,0.0
Desastres geo-hidrológicos,60008,Gestão de risco de desastre,2015,,Presente,verylow,Muito baixo,#F40000,697,Guajeru/BA,0.0
Desastres geo-hidrológicos,60008,Gestão de risco de desastre,2015,,Presente,verylow,Muito baixo,#F40000,5345,Guamiranga/PR,0.0
Desastres geo-hidrológicos,60008,Gestão de risco de desastre,2015,,Presente,verylow,Muito baixo,#F40000,4991,Guanambi/BA,0.0
Desastres geo-hidrológicos,60008,Gestão de risco de desastre,2015,,Presente,verylow,Muito baixo,#F40000,1710,Guapimirim/RJ,0.0
Desastres geo-hidrológicos,60008,Gestão de risco de desastre,2015,,Presente,verylow,Muito baixo,#F40000,5346,Guapirama/PR,0.0
Desastres geo-hidrológicos,60008,Gestão de risco de desastre,2015,,Presente,verylow,Muito baixo,#F40000,2716,Guapó/GO,0.0
Desastres geo-hidrológicos,60008,Gestão de risco de desastre,2015,,Presente,verylow,Muito baixo,#F40000,5140,Guaporema/PR,0.0
Desastres geo-hidrológicos,60008,Gestão de risco de desastre,2015,,Presente,verylow,Muito baixo,#F40000,276,Guaporé/RS,0.0
Desastres geo-hidrológicos,60008,Gestão de risco de desastre,2015,,Presente,verylow,Muito baixo,#F40000,4062,Guarabira/PB,0.0
Desastres geo-hidrológicos,60008,Gestão de risco de desastre,2015,,Presente,verylow,Muito baixo,#F40000,4901,Guaraçaí/SP,0.0
Desastres geo-hidrológicos,60008,Gestão de risco de desastre,2015,,Presente,verylow,Muito baixo,#F40000,3695,Guaraciaba do Norte/CE,0.0
Desastres geo-hidrológicos,60008,Gestão de risco de desastre,2015,,Presente,verylow,Muito baixo,#F40000,1074,Guaraciama/MG,0.0
Desastres geo-hidrológicos,60008,Gestão de risco de desastre,2015,,Presente,verylow,Muito baixo,#F40000,1967,Guaraci/SP,0.0
Desastres geo-hidrológicos,60008,Gestão de risco de desastre,2015,,Presente,verylow,Muito baixo,#F40000,2717,Guaraíta/GO,0.0
Desastres geo-hidrológicos,60008,Gestão de risco de desastre,2015,,Presente,verylow,Muito baixo,#F40000,3696,Guaramiranga/CE,0.0
Desastres geo-hidrológicos,60008,Gestão de risco de desastre,2015,,Presente,verylow,Muito baixo,#F40000,2443,Guaramirim/SC,0.0
Desastres geo-hidrológicos,60008,Gestão de risco de desastre,2015,,Presente,verylow,Muito baixo,#F40000,4880,Guarani de Goiás/GO,0.0
Desastres geo-hidrológicos,60008,Gestão de risco de desastre,2015,,Presente,verylow,Muito baixo,#F40000,1968,Guarani d'Oeste/SP,0.0
Desastres geo-hidrológicos,60008,Gestão de risco de desastre,2015,,Presente,verylow,Muito baixo,#F40000,1969,Guarantã/SP,0.0
Desastres geo-hidrológicos,60008,Gestão de risco de desastre,2015,,Presente,verylow,Muito baixo,#F40000,1970,Guararapes/SP,0.0
Desastres geo-hidrológicos,60008,Gestão de risco de desastre,2015,,Presente,verylow,Muito baixo,#F40000,1966,Guará/SP,0.0
Desastres geo-hidrológicos,60008,Gestão de risco de desastre,2015,,Presente,verylow,Muito baixo,#F40000,1973,Guareí/SP,0.0
Desastres geo-hidrológicos,60008,Gestão de risco de desastre,2015,,Presente,verylow,Muito baixo,#F40000,3495,Guaribas/PI,0.0
Desastres geo-hidrológicos,60008,Gestão de risco de desastre,2015,,Presente,verylow,Muito baixo,#F40000,59,Guarujá do Sul/SC,0.0
Desastres geo-hidrológicos,60008,Gestão de risco de desastre,2015,,Presente,verylow,Muito baixo,#F40000,1977,Guatapará/SP,0.0
Desastres geo-hidrológicos,60008,Gestão de risco de desastre,2015,,Presente,verylow,Muito baixo,#F40000,3271,Guimarães/MA,0.0
Desastres geo-hidrológicos,60008,Gestão de risco de desastre,2015,,Presente,verylow,Muito baixo,#F40000,1081,Guimarânia/MG,0.0
Desastres geo-hidrológicos,60008,Gestão de risco de desastre,2015,,Presente,verylow,Muito baixo,#F40000,4064,Gurjão/PB,0.0
Desastres geo-hidrológicos,60008,Gestão de risco de desastre,2015,,Presente,verylow,Muito baixo,#F40000,3105,Gurupi/TO,0.0
Desastres geo-hidrológicos,60008,Gestão de risco de desastre,2015,,Presente,verylow,Muito baixo,#F40000,1978,Guzolândia/SP,0.0
Desastres geo-hidrológicos,60008,Gestão de risco de desastre,2015,,Presente,verylow,Muito baixo,#F40000,4934,Harmonia/RS,0.0
Desastres geo-hidrológicos,60008,Gestão de risco de desastre,2015,,Presente,verylow,Muito baixo,#F40000,2719,Heitoraí/GO,0.0
Desastres geo-hidrológicos,60008,Gestão de risco de desastre,2015,,Presente,verylow,Muito baixo,#F40000,1084,Heliodora/MG,0.0
Desastres geo-hidrológicos,60008,Gestão de risco de desastre,2015,,Presente,verylow,Muito baixo,#F40000,4669,Heliópolis/BA,0.0
Desastres geo-hidrológicos,60008,Gestão de risco de desastre,2015,,Presente,verylow,Muito baixo,#F40000,1979,Herculândia/SP,0.0
Desastres geo-hidrológicos,60008,Gestão de risco de desastre,2015,,Presente,verylow,Muito baixo,#F40000,3697,Hidrolândia/CE,0.0
Desastres geo-hidrológicos,60008,Gestão de risco de desastre,2015,,Presente,verylow,Muito baixo,#F40000,2720,Hidrolândia/GO,0.0
Desastres geo-hidrológicos,60008,Gestão de risco de desastre,2015,,Presente,verylow,Muito baixo,#F40000,2721,Hidrolina/GO,0.0
Desastres geo-hidrológicos,60008,Gestão de risco de desastre,2015,,Presente,verylow,Muito baixo,#F40000,1980,Holambra/SP,0.0
Desastres geo-hidrológicos,60008,Gestão de risco de desastre,2015,,Presente,verylow,Muito baixo,#F40000,1981,Hortolândia/SP,0.0
Desastres geo-hidrológicos,60008,Gestão de risco de desastre,2015,,Presente,verylow,Muito baixo,#F40000,3496,Hugo Napoleão/PI,0.0
Desastres geo-hidrológicos,60008,Gestão de risco de desastre,2015,,Presente,verylow,Muito baixo,#F40000,5018,Iaciara/GO,0.0
Desastres geo-hidrológicos,60008,Gestão de risco de desastre,2015,,Presente,verylow,Muito baixo,#F40000,1983,Iacri/SP,0.0
Desastres geo-hidrológicos,60008,Gestão de risco de desastre,2015,,Presente,verylow,Muito baixo,#F40000,4670,Iaçu/BA,0.0
Desastres geo-hidrológicos,60008,Gestão de risco de desastre,2015,,Presente,verylow,Muito baixo,#F40000,1984,Iaras/SP,0.0
Desastres geo-hidrológicos,60008,Gestão de risco de desastre,2015,,Presente,verylow,Muito baixo,#F40000,4273,Iati/PE,0.0
Desastres geo-hidrológicos,60008,Gestão de risco de desastre,2015,,Presente,verylow,Muito baixo,#F40000,3699,Ibaretama/CE,0.0
Desastres geo-hidrológicos,60008,Gestão de risco de desastre,2015,,Presente,verylow,Muito baixo,#F40000,1985,Ibaté/SP,0.0
Desastres geo-hidrológicos,60008,Gestão de risco de desastre,2015,,Presente,verylow,Muito baixo,#F40000,1086,Ibertioga/MG,0.0
Desastres geo-hidrológicos,60008,Gestão de risco de desastre,2015,,Presente,verylow,Muito baixo,#F40000,1088,Ibiaí/MG,0.0
Desastres geo-hidrológicos,60008,Gestão de risco de desastre,2015,,Presente,verylow,Muito baixo,#F40000,4065,Ibiara/PB,0.0
Desastres geo-hidrológicos,60008,Gestão de risco de desastre,2015,,Presente,verylow,Muito baixo,#F40000,4992,Ibiassucê/BA,0.0
Desastres geo-hidrológicos,60008,Gestão de risco de desastre,2015,,Presente,verylow,Muito baixo,#F40000,699,Ibicaraí/BA,0.0
Desastres geo-hidrológicos,60008,Gestão de risco de desastre,2015,,Presente,verylow,Muito baixo,#F40000,4917,Ibicaré/SC,0.0
Desastres geo-hidrológicos,60008,Gestão de risco de desastre,2015,,Presente,verylow,Muito baixo,#F40000,4671,Ibicoara/BA,0.0
Desastres geo-hidrológicos,60008,Gestão de risco de desastre,2015,,Presente,verylow,Muito baixo,#F40000,4672,Ibipeba/BA,0.0
Desastres geo-hidrológicos,60008,Gestão de risco de desastre,2015,,Presente,verylow,Muito baixo,#F40000,4673,Ibipitanga/BA,0.0
Desastres geo-hidrológicos,60008,Gestão de risco de desastre,2015,,Presente,verylow,Muito baixo,#F40000,4674,Ibiquera/BA,0.0
Desastres geo-hidrológicos,60008,Gestão de risco de desastre,2015,,Presente,verylow,Muito baixo,#F40000,1089,Ibiracatu/MG,0.0
Desastres geo-hidrológicos,60008,Gestão de risco de desastre,2015,,Presente,verylow,Muito baixo,#F40000,284,Ibiraiaras/RS,0.0
Desastres geo-hidrológicos,60008,Gestão de risco de desastre,2015,,Presente,verylow,Muito baixo,#F40000,4275,Ibirajuba/PE,0.0
Desastres geo-hidrológicos,60008,Gestão de risco de desastre,2015,,Presente,verylow,Muito baixo,#F40000,4993,Ibirapitanga/BA,0.0
Desastres geo-hidrológicos,60008,Gestão de risco de desastre,2015,,Presente,verylow,Muito baixo,#F40000,701,Ibirapuã/BA,0.0
Desastres geo-hidrológicos,60008,Gestão de risco de desastre,2015,,Presente,verylow,Muito baixo,#F40000,4675,Ibirataia/BA,0.0
Desastres geo-hidrológicos,60008,Gestão de risco de desastre,2015,,Presente,verylow,Muito baixo,#F40000,286,Ibirubá/RS,0.0
Desastres geo-hidrológicos,60008,Gestão de risco de desastre,2015,,Presente,verylow,Muito baixo,#F40000,4676,Ibitiara/BA,0.0
Desastres geo-hidrológicos,60008,Gestão de risco de desastre,2015,,Presente,verylow,Muito baixo,#F40000,1092,Ibitiúra de Minas/MG,0.0
Desastres geo-hidrológicos,60008,Gestão de risco de desastre,2015,,Presente,verylow,Muito baixo,#F40000,5145,Icaraíma/PR,0.0
Desastres geo-hidrológicos,60008,Gestão de risco de desastre,2015,,Presente,verylow,Muito baixo,#F40000,4679,Ichu/BA,0.0
Desastres geo-hidrológicos,60008,Gestão de risco de desastre,2015,,Presente,verylow,Muito baixo,#F40000,1991,Iepê/SP,0.0
Desastres geo-hidrológicos,60008,Gestão de risco de desastre,2015,,Presente,verylow,Muito baixo,#F40000,4680,Igaporã/BA,0.0
Desastres geo-hidrológicos,60008,Gestão de risco de desastre,2015,,Presente,verylow,Muito baixo,#F40000,1992,Igaraçu do Tietê/SP,0.0
Desastres geo-hidrológicos,60008,Gestão de risco de desastre,2015,,Presente,verylow,Muito baixo,#F40000,4014,Igaracy/PB,0.0
Desastres geo-hidrológicos,60008,Gestão de risco de desastre,2015,,Presente,verylow,Muito baixo,#F40000,1993,Igarapava/SP,0.0
Desastres geo-hidrológicos,60008,Gestão de risco de desastre,2015,,Presente,verylow,Muito baixo,#F40000,2978,Igarapé-Açu/PA,0.0
Desastres geo-hidrológicos,60008,Gestão de risco de desastre,2015,,Presente,verylow,Muito baixo,#F40000,3274,Igarapé do Meio/MA,0.0
Desastres geo-hidrológicos,60008,Gestão de risco de desastre,2015,,Presente,verylow,Muito baixo,#F40000,3275,Igarapé Grande/MA,0.0
Desastres geo-hidrológicos,60008,Gestão de risco de desastre,2015,,Presente,verylow,Muito baixo,#F40000,1994,Igaratá/SP,0.0
Desastres geo-hidrológicos,60008,Gestão de risco de desastre,2015,,Presente,verylow,Muito baixo,#F40000,4421,Igreja Nova/AL,0.0
Desastres geo-hidrológicos,60008,Gestão de risco de desastre,2015,,Presente,verylow,Muito baixo,#F40000,1711,Iguaba Grande/RJ,0.0
Desastres geo-hidrológicos,60008,Gestão de risco de desastre,2015,,Presente,verylow,Muito baixo,#F40000,702,Iguaí/BA,0.0
Desastres geo-hidrológicos,60008,Gestão de risco de desastre,2015,,Presente,verylow,Muito baixo,#F40000,5146,Iguaraçu/PR,0.0
Desastres geo-hidrológicos,60008,Gestão de risco de desastre,2015,,Presente,verylow,Muito baixo,#F40000,4277,Iguaracy/PE,0.0
Desastres geo-hidrológicos,60008,Gestão de risco de desastre,2015,,Presente,verylow,Muito baixo,#F40000,1097,Iguatama/MG,0.0
Desastres geo-hidrológicos,60008,Gestão de risco de desastre,2015,,Presente,verylow,Muito baixo,#F40000,1098,Ijaci/MG,0.0
Desastres geo-hidrológicos,60008,Gestão de risco de desastre,2015,,Presente,verylow,Muito baixo,#F40000,4513,Ilha das Flores/SE,0.0
Desastres geo-hidrológicos,60008,Gestão de risco de desastre,2015,,Presente,verylow,Muito baixo,#F40000,703,Ilhéus/BA,0.0
Desastres geo-hidrológicos,60008,Gestão de risco de desastre,2015,,Presente,verylow,Muito baixo,#F40000,4066,Imaculada/PB,0.0
Desastres geo-hidrológicos,60008,Gestão de risco de desastre,2015,,Presente,verylow,Muito baixo,#F40000,2448,Imaruí/SC,0.0
Desastres geo-hidrológicos,60008,Gestão de risco de desastre,2015,,Presente,verylow,Muito baixo,#F40000,1100,Imbé de Minas/MG,0.0
Desastres geo-hidrológicos,60008,Gestão de risco de desastre,2015,,Presente,verylow,Muito baixo,#F40000,2450,Imbuia/SC,0.0
Desastres geo-hidrológicos,60008,Gestão de risco de desastre,2015,,Presente,verylow,Muito baixo,#F40000,4278,Inajá/PE,0.0
Desastres geo-hidrológicos,60008,Gestão de risco de desastre,2015,,Presente,verylow,Muito baixo,#F40000,1101,Inconfidentes/MG,0.0
Desastres geo-hidrológicos,60008,Gestão de risco de desastre,2015,,Presente,verylow,Muito baixo,#F40000,1102,Indaiabira/MG,0.0
Desastres geo-hidrológicos,60008,Gestão de risco de desastre,2015,,Presente,verylow,Muito baixo,#F40000,3705,Independência/CE,0.0
Desastres geo-hidrológicos,60008,Gestão de risco de desastre,2015,,Presente,verylow,Muito baixo,#F40000,290,Independência/RS,0.0
Desastres geo-hidrológicos,60008,Gestão de risco de desastre,2015,,Presente,verylow,Muito baixo,#F40000,1999,Indiana/SP,0.0
Desastres geo-hidrológicos,60008,Gestão de risco de desastre,2015,,Presente,verylow,Muito baixo,#F40000,1103,Indianópolis/MG,0.0
Desastres geo-hidrológicos,60008,Gestão de risco de desastre,2015,,Presente,verylow,Muito baixo,#F40000,2723,Indiara/GO,0.0
Desastres geo-hidrológicos,60008,Gestão de risco de desastre,2015,,Presente,verylow,Muito baixo,#F40000,4514,Indiaroba/SE,0.0
Desastres geo-hidrológicos,60008,Gestão de risco de desastre,2015,,Presente,verylow,Muito baixo,#F40000,621,Indiavaí/MT,0.0
Desastres geo-hidrológicos,60008,Gestão de risco de desastre,2015,,Presente,verylow,Muito baixo,#F40000,1104,Ingaí/MG,0.0
Desastres geo-hidrológicos,60008,Gestão de risco de desastre,2015,,Presente,verylow,Muito baixo,#F40000,4067,Ingá/PB,0.0
Desastres geo-hidrológicos,60008,Gestão de risco de desastre,2015,,Presente,verylow,Muito baixo,#F40000,4682,Inhambupe/BA,0.0
Desastres geo-hidrológicos,60008,Gestão de risco de desastre,2015,,Presente,verylow,Muito baixo,#F40000,2980,Inhangapi/PA,0.0
Desastres geo-hidrológicos,60008,Gestão de risco de desastre,2015,,Presente,verylow,Muito baixo,#F40000,3498,Inhuma/PI,0.0
Desastres geo-hidrológicos,60008,Gestão de risco de desastre,2015,,Presente,verylow,Muito baixo,#F40000,2724,Inhumas/GO,0.0
Desastres geo-hidrológicos,60008,Gestão de risco de desastre,2015,,Presente,verylow,Muito baixo,#F40000,1107,Inimutaba/MG,0.0
Desastres geo-hidrológicos,60008,Gestão de risco de desastre,2015,,Presente,verylow,Muito baixo,#F40000,559,Inocência/MS,0.0
Desastres geo-hidrológicos,60008,Gestão de risco de desastre,2015,,Presente,verylow,Muito baixo,#F40000,2452,Iomerê/SC,0.0
Desastres geo-hidrológicos,60008,Gestão de risco de desastre,2015,,Presente,verylow,Muito baixo,#F40000,1108,Ipaba/MG,0.0
Desastres geo-hidrológicos,60008,Gestão de risco de desastre,2015,,Presente,verylow,Muito baixo,#F40000,3707,Ipaumirim/CE,0.0
Desastres geo-hidrológicos,60008,Gestão de risco de desastre,2015,,Presente,verylow,Muito baixo,#F40000,2002,Ipaussu/SP,0.0
Desastres geo-hidrológicos,60008,Gestão de risco de desastre,2015,,Presente,verylow,Muito baixo,#F40000,4683,Ipecaetá/BA,0.0
Desastres geo-hidrológicos,60008,Gestão de risco de desastre,2015,,Presente,verylow,Muito baixo,#F40000,4935,Ipê/RS,0.0
Desastres geo-hidrológicos,60008,Gestão de risco de desastre,2015,,Presente,verylow,Muito baixo,#F40000,2004,Ipeúna/SP,0.0
Desastres geo-hidrológicos,60008,Gestão de risco de desastre,2015,,Presente,verylow,Muito baixo,#F40000,1111,Ipiaçu/MG,0.0
Desastres geo-hidrológicos,60008,Gestão de risco de desastre,2015,,Presente,verylow,Muito baixo,#F40000,4684,Ipiaú/BA,0.0
Desastres geo-hidrológicos,60008,Gestão de risco de desastre,2015,,Presente,verylow,Muito baixo,#F40000,2005,Ipiguá/SP,0.0
Desastres geo-hidrológicos,60008,Gestão de risco de desastre,2015,,Presente,verylow,Muito baixo,#F40000,4685,Ipirá/BA,0.0
Desastres geo-hidrológicos,60008,Gestão de risco de desastre,2015,,Presente,verylow,Muito baixo,#F40000,2726,Ipiranga de Goiás/GO,0.0
Desastres geo-hidrológicos,60008,Gestão de risco de desastre,2015,,Presente,verylow,Muito baixo,#F40000,2902,Ipiranga do Norte/MT,0.0
Desastres geo-hidrológicos,60008,Gestão de risco de desastre,2015,,Presente,verylow,Muito baixo,#F40000,3499,Ipiranga do Piauí/PI,0.0
Desastres geo-hidrológicos,60008,Gestão de risco de desastre,2015,,Presente,verylow,Muito baixo,#F40000,4971,Iporá/GO,0.0
Desastres geo-hidrológicos,60008,Gestão de risco de desastre,2015,,Presente,verylow,Muito baixo,#F40000,5150,Iporã/PR,0.0
Desastres geo-hidrológicos,60008,Gestão de risco de desastre,2015,,Presente,verylow,Muito baixo,#F40000,63,Ipuaçu/SC,0.0
Desastres geo-hidrológicos,60008,Gestão de risco de desastre,2015,,Presente,verylow,Muito baixo,#F40000,4281,Ipubi/PE,0.0
Desastres geo-hidrológicos,60008,Gestão de risco de desastre,2015,,Presente,verylow,Muito baixo,#F40000,3708,Ipu/CE,0.0
Desastres geo-hidrológicos,60008,Gestão de risco de desastre,2015,,Presente,verylow,Muito baixo,#F40000,3864,Ipueira/RN,0.0
Desastres geo-hidrológicos,60008,Gestão de risco de desastre,2015,,Presente,verylow,Muito baixo,#F40000,3709,Ipueiras/CE,0.0
Desastres geo-hidrológicos,60008,Gestão de risco de desastre,2015,,Presente,verylow,Muito baixo,#F40000,4686,Ipupiara/BA,0.0
Desastres geo-hidrológicos,60008,Gestão de risco de desastre,2015,,Presente,verylow,Muito baixo,#F40000,3710,Iracema/CE,0.0
Desastres geo-hidrológicos,60008,Gestão de risco de desastre,2015,,Presente,verylow,Muito baixo,#F40000,2008,Iracemápolis/SP,0.0
Desastres geo-hidrológicos,60008,Gestão de risco de desastre,2015,,Presente,verylow,Muito baixo,#F40000,65,Iraceminha/SC,0.0
Desastres geo-hidrológicos,60008,Gestão de risco de desastre,2015,,Presente,verylow,Muito baixo,#F40000,4688,Iramaia/BA,0.0
Desastres geo-hidrológicos,60008,Gestão de risco de desastre,2015,,Presente,verylow,Muito baixo,#F40000,4903,Irapuru/SP,0.0
Desastres geo-hidrológicos,60008,Gestão de risco de desastre,2015,,Presente,verylow,Muito baixo,#F40000,4689,Iraquara/BA,0.0
Desastres geo-hidrológicos,60008,Gestão de risco de desastre,2015,,Presente,verylow,Muito baixo,#F40000,5355,Irati/PR,0.0
Desastres geo-hidrológicos,60008,Gestão de risco de desastre,2015,,Presente,verylow,Muito baixo,#F40000,67,Irati/SC,0.0
Desastres geo-hidrológicos,60008,Gestão de risco de desastre,2015,,Presente,verylow,Muito baixo,#F40000,4691,Irecê/BA,0.0
Desastres geo-hidrológicos,60008,Gestão de risco de desastre,2015,,Presente,verylow,Muito baixo,#F40000,2453,Irineópolis/SC,0.0
Desastres geo-hidrológicos,60008,Gestão de risco de desastre,2015,,Presente,verylow,Muito baixo,#F40000,1639,Irupi/ES,0.0
Desastres geo-hidrológicos,60008,Gestão de risco de desastre,2015,,Presente,verylow,Muito baixo,#F40000,2727,Israelândia/GO,0.0
Desastres geo-hidrológicos,60008,Gestão de risco de desastre,2015,,Presente,verylow,Muito baixo,#F40000,294,Itaara/RS,0.0
Desastres geo-hidrológicos,60008,Gestão de risco de desastre,2015,,Presente,verylow,Muito baixo,#F40000,704,Itabela/BA,0.0
Desastres geo-hidrológicos,60008,Gestão de risco de desastre,2015,,Presente,verylow,Muito baixo,#F40000,4692,Itaberaba/BA,0.0
Desastres geo-hidrológicos,60008,Gestão de risco de desastre,2015,,Presente,verylow,Muito baixo,#F40000,2728,Itaberaí/GO,0.0
Desastres geo-hidrológicos,60008,Gestão de risco de desastre,2015,,Presente,verylow,Muito baixo,#F40000,2010,Itaberá/SP,0.0
Desastres geo-hidrológicos,60008,Gestão de risco de desastre,2015,,Presente,verylow,Muito baixo,#F40000,1117,Itacambira/MG,0.0
Desastres geo-hidrológicos,60008,Gestão de risco de desastre,2015,,Presente,verylow,Muito baixo,#F40000,4282,Itacuruba/PE,0.0
Desastres geo-hidrológicos,60008,Gestão de risco de desastre,2015,,Presente,verylow,Muito baixo,#F40000,4693,Itaeté/BA,0.0
Desastres geo-hidrológicos,60008,Gestão de risco de desastre,2015,,Presente,verylow,Muito baixo,#F40000,4995,Itagi/BA,0.0
Desastres geo-hidrológicos,60008,Gestão de risco de desastre,2015,,Presente,verylow,Muito baixo,#F40000,4694,Itaguaçu da Bahia/BA,0.0
Desastres geo-hidrológicos,60008,Gestão de risco de desastre,2015,,Presente,verylow,Muito baixo,#F40000,2730,Itaguaru/GO,0.0
Desastres geo-hidrológicos,60008,Gestão de risco de desastre,2015,,Presente,verylow,Muito baixo,#F40000,3108,Itaguatins/TO,0.0
Desastres geo-hidrológicos,60008,Gestão de risco de desastre,2015,,Presente,verylow,Muito baixo,#F40000,4283,Itaíba/PE,0.0
Desastres geo-hidrológicos,60008,Gestão de risco de desastre,2015,,Presente,verylow,Muito baixo,#F40000,2454,Itaiópolis/SC,0.0
Desastres geo-hidrológicos,60008,Gestão de risco de desastre,2015,,Presente,verylow,Muito baixo,#F40000,1120,Itaipé/MG,0.0
Desastres geo-hidrológicos,60008,Gestão de risco de desastre,2015,,Presente,verylow,Muito baixo,#F40000,3713,Itaitinga/CE,0.0
Desastres geo-hidrológicos,60008,Gestão de risco de desastre,2015,,Presente,verylow,Muito baixo,#F40000,3865,Itajá/RN,0.0
Desastres geo-hidrológicos,60008,Gestão de risco de desastre,2015,,Presente,verylow,Muito baixo,#F40000,707,Itaju do Colônia/BA,0.0
Desastres geo-hidrológicos,60008,Gestão de risco de desastre,2015,,Presente,verylow,Muito baixo,#F40000,708,Itajuípe/BA,0.0
Desastres geo-hidrológicos,60008,Gestão de risco de desastre,2015,,Presente,verylow,Muito baixo,#F40000,4695,Itamari/BA,0.0
Desastres geo-hidrológicos,60008,Gestão de risco de desastre,2015,,Presente,verylow,Muito baixo,#F40000,710,Itambé/BA,0.0
Desastres geo-hidrológicos,60008,Gestão de risco de desastre,2015,,Presente,verylow,Muito baixo,#F40000,5155,Itambé/PR,0.0
Desastres geo-hidrológicos,60008,Gestão de risco de desastre,2015,,Presente,verylow,Muito baixo,#F40000,4696,Itanagra/BA,0.0
Desastres geo-hidrológicos,60008,Gestão de risco de desastre,2015,,Presente,verylow,Muito baixo,#F40000,2903,Itanhangá/MT,0.0
Desastres geo-hidrológicos,60008,Gestão de risco de desastre,2015,,Presente,verylow,Muito baixo,#F40000,711,Itanhém/BA,0.0
Desastres geo-hidrológicos,60008,Gestão de risco de desastre,2015,,Presente,verylow,Muito baixo,#F40000,2731,Itapaci/GO,0.0
Desastres geo-hidrológicos,60008,Gestão de risco de desastre,2015,,Presente,verylow,Muito baixo,#F40000,3714,Itapajé/CE,0.0
Desastres geo-hidrológicos,60008,Gestão de risco de desastre,2015,,Presente,verylow,Muito baixo,#F40000,712,Itapé/BA,0.0
Desastres geo-hidrológicos,60008,Gestão de risco de desastre,2015,,Presente,verylow,Muito baixo,#F40000,5156,Itapejara d'Oeste/PR,0.0
Desastres geo-hidrológicos,60008,Gestão de risco de desastre,2015,,Presente,verylow,Muito baixo,#F40000,4286,Itapetim/PE,0.0
Desastres geo-hidrológicos,60008,Gestão de risco de desastre,2015,,Presente,verylow,Muito baixo,#F40000,1133,Itapeva/MG,0.0
Desastres geo-hidrológicos,60008,Gestão de risco de desastre,2015,,Presente,verylow,Muito baixo,#F40000,2019,Itapevi/SP,0.0
Desastres geo-hidrológicos,60008,Gestão de risco de desastre,2015,,Presente,verylow,Muito baixo,#F40000,4698,Itapicuru/BA,0.0
Desastres geo-hidrológicos,60008,Gestão de risco de desastre,2015,,Presente,verylow,Muito baixo,#F40000,5489,Itapiranga/AM,0.0
Desastres geo-hidrológicos,60008,Gestão de risco de desastre,2015,,Presente,verylow,Muito baixo,#F40000,2732,Itapirapuã/GO,0.0
Desastres geo-hidrológicos,60008,Gestão de risco de desastre,2015,,Presente,verylow,Muito baixo,#F40000,3109,Itapiratins/TO,0.0
Desastres geo-hidrológicos,60008,Gestão de risco de desastre,2015,,Presente,verylow,Muito baixo,#F40000,715,Itapitanga/BA,0.0
Desastres geo-hidrológicos,60008,Gestão de risco de desastre,2015,,Presente,verylow,Muito baixo,#F40000,3110,Itaporã do Tocantins/TO,0.0
Desastres geo-hidrológicos,60008,Gestão de risco de desastre,2015,,Presente,verylow,Muito baixo,#F40000,560,Itaporã/MS,0.0
Desastres geo-hidrológicos,60008,Gestão de risco de desastre,2015,,Presente,verylow,Muito baixo,#F40000,2023,Itaporanga/SP,0.0
Desastres geo-hidrológicos,60008,Gestão de risco de desastre,2015,,Presente,verylow,Muito baixo,#F40000,4070,Itapororoca/PB,0.0
Desastres geo-hidrológicos,60008,Gestão de risco de desastre,2015,,Presente,verylow,Muito baixo,#F40000,5557,Itapuã do Oeste/RO,0.0
Desastres geo-hidrológicos,60008,Gestão de risco de desastre,2015,,Presente,verylow,Muito baixo,#F40000,2024,Itapuí/SP,0.0
Desastres geo-hidrológicos,60008,Gestão de risco de desastre,2015,,Presente,verylow,Muito baixo,#F40000,2733,Itapuranga/GO,0.0
Desastres geo-hidrológicos,60008,Gestão de risco de desastre,2015,,Presente,verylow,Muito baixo,#F40000,4904,Itapura/SP,0.0
Desastres geo-hidrológicos,60008,Gestão de risco de desastre,2015,,Presente,verylow,Muito baixo,#F40000,4699,Itaquara/BA,0.0
Desastres geo-hidrológicos,60008,Gestão de risco de desastre,2015,,Presente,verylow,Muito baixo,#F40000,297,Itaqui/RS,0.0
Desastres geo-hidrológicos,60008,Gestão de risco de desastre,2015,,Presente,verylow,Muito baixo,#F40000,4288,Itaquitinga/PE,0.0
Desastres geo-hidrológicos,60008,Gestão de risco de desastre,2015,,Presente,verylow,Muito baixo,#F40000,4973,Itarumã/GO,0.0
Desastres geo-hidrológicos,60008,Gestão de risco de desastre,2015,,Presente,verylow,Muito baixo,#F40000,4700,Itatim/BA,0.0
Desastres geo-hidrológicos,60008,Gestão de risco de desastre,2015,,Presente,verylow,Muito baixo,#F40000,3718,Itatira/CE,0.0
Desastres geo-hidrológicos,60008,Gestão de risco de desastre,2015,,Presente,verylow,Muito baixo,#F40000,4071,Itatuba/PB,0.0
Desastres geo-hidrológicos,60008,Gestão de risco de desastre,2015,,Presente,verylow,Muito baixo,#F40000,3047,Itaubal/AP,0.0
Desastres geo-hidrológicos,60008,Gestão de risco de desastre,2015,,Presente,verylow,Muito baixo,#F40000,2904,Itaúba/MT,0.0
Desastres geo-hidrológicos,60008,Gestão de risco de desastre,2015,,Presente,verylow,Muito baixo,#F40000,2734,Itauçu/GO,0.0
Desastres geo-hidrológicos,60008,Gestão de risco de desastre,2015,,Presente,verylow,Muito baixo,#F40000,1135,Itaú de Minas/MG,0.0
Desastres geo-hidrológicos,60008,Gestão de risco de desastre,2015,,Presente,verylow,Muito baixo,#F40000,3502,Itaueira/PI,0.0
Desastres geo-hidrológicos,60008,Gestão de risco de desastre,2015,,Presente,verylow,Muito baixo,#F40000,1136,Itaúna/MG,0.0
Desastres geo-hidrológicos,60008,Gestão de risco de desastre,2015,,Presente,verylow,Muito baixo,#F40000,3866,Itaú/RN,0.0
Desastres geo-hidrológicos,60008,Gestão de risco de desastre,2015,,Presente,verylow,Muito baixo,#F40000,1137,Itaverava/MG,0.0
Desastres geo-hidrológicos,60008,Gestão de risco de desastre,2015,,Presente,verylow,Muito baixo,#F40000,3279,Itinga do Maranhão/MA,0.0
Desastres geo-hidrológicos,60008,Gestão de risco de desastre,2015,,Presente,verylow,Muito baixo,#F40000,1138,Itinga/MG,0.0
Desastres geo-hidrológicos,60008,Gestão de risco de desastre,2015,,Presente,verylow,Muito baixo,#F40000,622,Itiquira/MT,0.0
Desastres geo-hidrológicos,60008,Gestão de risco de desastre,2015,,Presente,verylow,Muito baixo,#F40000,4701,Itiruçu/BA,0.0
Desastres geo-hidrológicos,60008,Gestão de risco de desastre,2015,,Presente,verylow,Muito baixo,#F40000,4702,Itiúba/BA,0.0
Desastres geo-hidrológicos,60008,Gestão de risco de desastre,2015,,Presente,verylow,Muito baixo,#F40000,2032,Itobi/SP,0.0
Desastres geo-hidrológicos,60008,Gestão de risco de desastre,2015,,Presente,verylow,Muito baixo,#F40000,4703,Ituaçu/BA,0.0
Desastres geo-hidrológicos,60008,Gestão de risco de desastre,2015,,Presente,verylow,Muito baixo,#F40000,1140,Ituiutaba/MG,0.0
Desastres geo-hidrológicos,60008,Gestão de risco de desastre,2015,,Presente,verylow,Muito baixo,#F40000,2983,Itupiranga/PA,0.0
Desastres geo-hidrológicos,60008,Gestão de risco de desastre,2015,,Presente,verylow,Muito baixo,#F40000,1142,Iturama/MG,0.0
Desastres geo-hidrológicos,60008,Gestão de risco de desastre,2015,,Presente,verylow,Muito baixo,#F40000,2035,Ituverava/SP,0.0
Desastres geo-hidrológicos,60008,Gestão de risco de desastre,2015,,Presente,verylow,Muito baixo,#F40000,4997,Iuiu/BA,0.0
Desastres geo-hidrológicos,60008,Gestão de risco de desastre,2015,,Presente,verylow,Muito baixo,#F40000,2736,Ivolândia/GO,0.0
Desastres geo-hidrológicos,60008,Gestão de risco de desastre,2015,,Presente,verylow,Muito baixo,#F40000,299,Ivorá/RS,0.0
Desastres geo-hidrológicos,60008,Gestão de risco de desastre,2015,,Presente,verylow,Muito baixo,#F40000,2595,Ivoti/RS,0.0
Desastres geo-hidrológicos,60008,Gestão de risco de desastre,2015,,Presente,verylow,Muito baixo,#F40000,4998,Jaborandi/BA,0.0
Desastres geo-hidrológicos,60008,Gestão de risco de desastre,2015,,Presente,verylow,Muito baixo,#F40000,70,Jaborá/SC,0.0
Desastres geo-hidrológicos,60008,Gestão de risco de desastre,2015,,Presente,verylow,Muito baixo,#F40000,2037,Jaboticabal/SP,0.0
Desastres geo-hidrológicos,60008,Gestão de risco de desastre,2015,,Presente,verylow,Muito baixo,#F40000,300,Jaboticaba/RS,0.0
Desastres geo-hidrológicos,60008,Gestão de risco de desastre,2015,,Presente,verylow,Muito baixo,#F40000,3867,Jaçanã/RN,0.0
Desastres geo-hidrológicos,60008,Gestão de risco de desastre,2015,,Presente,verylow,Muito baixo,#F40000,718,Jacaraci/BA,0.0
Desastres geo-hidrológicos,60008,Gestão de risco de desastre,2015,,Presente,verylow,Muito baixo,#F40000,4072,Jacaraú/PB,0.0
Desastres geo-hidrológicos,60008,Gestão de risco de desastre,2015,,Presente,verylow,Muito baixo,#F40000,623,Jaciara/MT,0.0
Desastres geo-hidrológicos,60008,Gestão de risco de desastre,2015,,Presente,verylow,Muito baixo,#F40000,1145,Jacinto/MG,0.0
Desastres geo-hidrológicos,60008,Gestão de risco de desastre,2015,,Presente,verylow,Muito baixo,#F40000,2039,Jaci/SP,0.0
Desastres geo-hidrológicos,60008,Gestão de risco de desastre,2015,,Presente,verylow,Muito baixo,#F40000,4705,Jacobina/BA,0.0
Desastres geo-hidrológicos,60008,Gestão de risco de desastre,2015,,Presente,verylow,Muito baixo,#F40000,3503,Jacobina do Piauí/PI,0.0
Desastres geo-hidrológicos,60008,Gestão de risco de desastre,2015,,Presente,verylow,Muito baixo,#F40000,1146,Jacuí/MG,0.0
Desastres geo-hidrológicos,60008,Gestão de risco de desastre,2015,,Presente,verylow,Muito baixo,#F40000,4424,Jacuípe/AL,0.0
Desastres geo-hidrológicos,60008,Gestão de risco de desastre,2015,,Presente,verylow,Muito baixo,#F40000,301,Jacuizinho/RS,0.0
Desastres geo-hidrológicos,60008,Gestão de risco de desastre,2015,,Presente,verylow,Muito baixo,#F40000,302,Jacutinga/RS,0.0
Desastres geo-hidrológicos,60008,Gestão de risco de desastre,2015,,Presente,verylow,Muito baixo,#F40000,1148,Jaguaraçu/MG,0.0
Desastres geo-hidrológicos,60008,Gestão de risco de desastre,2015,,Presente,verylow,Muito baixo,#F40000,4707,Jaguarari/BA,0.0
Desastres geo-hidrológicos,60008,Gestão de risco de desastre,2015,,Presente,verylow,Muito baixo,#F40000,3719,Jaguaretama/CE,0.0
Desastres geo-hidrológicos,60008,Gestão de risco de desastre,2015,,Presente,verylow,Muito baixo,#F40000,3720,Jaguaribara/CE,0.0
Desastres geo-hidrológicos,60008,Gestão de risco de desastre,2015,,Presente,verylow,Muito baixo,#F40000,4708,Jaguaripe/BA,0.0
Desastres geo-hidrológicos,60008,Gestão de risco de desastre,2015,,Presente,verylow,Muito baixo,#F40000,304,Jaguari/RS,0.0
Desastres geo-hidrológicos,60008,Gestão de risco de desastre,2015,,Presente,verylow,Muito baixo,#F40000,2041,Jaguariúna/SP,0.0
Desastres geo-hidrológicos,60008,Gestão de risco de desastre,2015,,Presente,verylow,Muito baixo,#F40000,2043,Jambeiro/SP,0.0
Desastres geo-hidrológicos,60008,Gestão de risco de desastre,2015,,Presente,verylow,Muito baixo,#F40000,1151,Janaúba/MG,0.0
Desastres geo-hidrológicos,60008,Gestão de risco de desastre,2015,,Presente,verylow,Muito baixo,#F40000,2737,Jandaia/GO,0.0
Desastres geo-hidrológicos,60008,Gestão de risco de desastre,2015,,Presente,verylow,Muito baixo,#F40000,4709,Jandaíra/BA,0.0
Desastres geo-hidrológicos,60008,Gestão de risco de desastre,2015,,Presente,verylow,Muito baixo,#F40000,3868,Jandaíra/RN,0.0
Desastres geo-hidrológicos,60008,Gestão de risco de desastre,2015,,Presente,verylow,Muito baixo,#F40000,3869,Janduís/RN,0.0
Desastres geo-hidrológicos,60008,Gestão de risco de desastre,2015,,Presente,verylow,Muito baixo,#F40000,5162,Janiópolis/PR,0.0
Desastres geo-hidrológicos,60008,Gestão de risco de desastre,2015,,Presente,verylow,Muito baixo,#F40000,1153,Japaraíba/MG,0.0
Desastres geo-hidrológicos,60008,Gestão de risco de desastre,2015,,Presente,verylow,Muito baixo,#F40000,3871,Japi/RN,0.0
Desastres geo-hidrológicos,60008,Gestão de risco de desastre,2015,,Presente,verylow,Muito baixo,#F40000,1154,Japonvar/MG,0.0
Desastres geo-hidrológicos,60008,Gestão de risco de desastre,2015,,Presente,verylow,Muito baixo,#F40000,563,Japorã/MS,0.0
Desastres geo-hidrológicos,60008,Gestão de risco de desastre,2015,,Presente,verylow,Muito baixo,#F40000,2596,Jaquirana/RS,0.0
Desastres geo-hidrológicos,60008,Gestão de risco de desastre,2015,,Presente,verylow,Muito baixo,#F40000,564,Jaraguari/MS,0.0
Desastres geo-hidrológicos,60008,Gestão de risco de desastre,2015,,Presente,verylow,Muito baixo,#F40000,4426,Jaramataia/AL,0.0
Desastres geo-hidrológicos,60008,Gestão de risco de desastre,2015,,Presente,verylow,Muito baixo,#F40000,3872,Jardim de Angicos/RN,0.0
Desastres geo-hidrológicos,60008,Gestão de risco de desastre,2015,,Presente,verylow,Muito baixo,#F40000,3874,Jardim do Seridó/RN,0.0
Desastres geo-hidrológicos,60008,Gestão de risco de desastre,2015,,Presente,verylow,Muito baixo,#F40000,565,Jardim/MS,0.0
Desastres geo-hidrológicos,60008,Gestão de risco de desastre,2015,,Presente,verylow,Muito baixo,#F40000,71,Jardinópolis/SC,0.0
Desastres geo-hidrológicos,60008,Gestão de risco de desastre,2015,,Presente,verylow,Muito baixo,#F40000,305,Jari/RS,0.0
Desastres geo-hidrológicos,60008,Gestão de risco de desastre,2015,,Presente,verylow,Muito baixo,#F40000,5531,Jaru/RO,0.0
Desastres geo-hidrológicos,60008,Gestão de risco de desastre,2015,,Presente,verylow,Muito baixo,#F40000,4291,Jataúba/PE,0.0
Desastres geo-hidrológicos,60008,Gestão de risco de desastre,2015,,Presente,verylow,Muito baixo,#F40000,566,Jateí/MS,0.0
Desastres geo-hidrológicos,60008,Gestão de risco de desastre,2015,,Presente,verylow,Muito baixo,#F40000,3724,Jati/CE,0.0
Desastres geo-hidrológicos,60008,Gestão de risco de desastre,2015,,Presente,verylow,Muito baixo,#F40000,3506,Jatobá do Piauí/PI,0.0
Desastres geo-hidrológicos,60008,Gestão de risco de desastre,2015,,Presente,verylow,Muito baixo,#F40000,3111,Jaú do Tocantins/TO,0.0
Desastres geo-hidrológicos,60008,Gestão de risco de desastre,2015,,Presente,verylow,Muito baixo,#F40000,625,Jauru/MT,0.0
Desastres geo-hidrológicos,60008,Gestão de risco de desastre,2015,,Presente,verylow,Muito baixo,#F40000,2047,Jaú/SP,0.0
Desastres geo-hidrológicos,60008,Gestão de risco de desastre,2015,,Presente,verylow,Muito baixo,#F40000,1156,Jenipapo de Minas/MG,0.0
Desastres geo-hidrológicos,60008,Gestão de risco de desastre,2015,,Presente,verylow,Muito baixo,#F40000,4427,Jequiá da Praia/AL,0.0
Desastres geo-hidrológicos,60008,Gestão de risco de desastre,2015,,Presente,verylow,Muito baixo,#F40000,4999,Jequié/BA,0.0
Desastres geo-hidrológicos,60008,Gestão de risco de desastre,2015,,Presente,verylow,Muito baixo,#F40000,1158,Jequitaí/MG,0.0
Desastres geo-hidrológicos,60008,Gestão de risco de desastre,2015,,Presente,verylow,Muito baixo,#F40000,1159,Jequitibá/MG,0.0
Desastres geo-hidrológicos,60008,Gestão de risco de desastre,2015,,Presente,verylow,Muito baixo,#F40000,1160,Jequitinhonha/MG,0.0
Desastres geo-hidrológicos,60008,Gestão de risco de desastre,2015,,Presente,verylow,Muito baixo,#F40000,4710,Jeremoabo/BA,0.0
Desastres geo-hidrológicos,60008,Gestão de risco de desastre,2015,,Presente,verylow,Muito baixo,#F40000,4073,Jericó/PB,0.0
Desastres geo-hidrológicos,60008,Gestão de risco de desastre,2015,,Presente,verylow,Muito baixo,#F40000,3507,Jerumenha/PI,0.0
Desastres geo-hidrológicos,60008,Gestão de risco de desastre,2015,,Presente,verylow,Muito baixo,#F40000,1161,Jesuânia/MG,0.0
Desastres geo-hidrológicos,60008,Gestão de risco de desastre,2015,,Presente,verylow,Muito baixo,#F40000,5166,Jesuítas/PR,0.0
Desastres geo-hidrológicos,60008,Gestão de risco de desastre,2015,,Presente,verylow,Muito baixo,#F40000,5532,Ji-Paraná/RO,0.0
Desastres geo-hidrológicos,60008,Gestão de risco de desastre,2015,,Presente,verylow,Muito baixo,#F40000,4711,Jiquiriçá/BA,0.0
Desastres geo-hidrológicos,60008,Gestão de risco de desastre,2015,,Presente,verylow,Muito baixo,#F40000,3876,João Dias/RN,0.0
Desastres geo-hidrológicos,60008,Gestão de risco de desastre,2015,,Presente,verylow,Muito baixo,#F40000,4713,João Dourado/BA,0.0
Desastres geo-hidrológicos,60008,Gestão de risco de desastre,2015,,Presente,verylow,Muito baixo,#F40000,3282,João Lisboa/MA,0.0
Desastres geo-hidrológicos,60008,Gestão de risco de desastre,2015,,Presente,verylow,Muito baixo,#F40000,2050,João Ramalho/SP,0.0
Desastres geo-hidrológicos,60008,Gestão de risco de desastre,2015,,Presente,verylow,Muito baixo,#F40000,1166,Joaquim Felício/MG,0.0
Desastres geo-hidrológicos,60008,Gestão de risco de desastre,2015,,Presente,verylow,Muito baixo,#F40000,3509,Joaquim Pires/PI,0.0
Desastres geo-hidrológicos,60008,Gestão de risco de desastre,2015,,Presente,verylow,Muito baixo,#F40000,5364,Joaquim Távora/PR,0.0
Desastres geo-hidrológicos,60008,Gestão de risco de desastre,2015,,Presente,verylow,Muito baixo,#F40000,4152,Joca Claudino/PB,0.0
Desastres geo-hidrológicos,60008,Gestão de risco de desastre,2015,,Presente,verylow,Muito baixo,#F40000,306,Jóia/RS,0.0
Desastres geo-hidrológicos,60008,Gestão de risco de desastre,2015,,Presente,verylow,Muito baixo,#F40000,2051,José Bonifácio/SP,0.0
Desastres geo-hidrológicos,60008,Gestão de risco de desastre,2015,,Presente,verylow,Muito baixo,#F40000,3877,José da Penha/RN,0.0
Desastres geo-hidrológicos,60008,Gestão de risco de desastre,2015,,Presente,verylow,Muito baixo,#F40000,3511,José de Freitas/PI,0.0
Desastres geo-hidrológicos,60008,Gestão de risco de desastre,2015,,Presente,verylow,Muito baixo,#F40000,1168,José Gonçalves de Minas/MG,0.0
Desastres geo-hidrológicos,60008,Gestão de risco de desastre,2015,,Presente,verylow,Muito baixo,#F40000,1170,Josenópolis/MG,0.0
Desastres geo-hidrológicos,60008,Gestão de risco de desastre,2015,,Presente,verylow,Muito baixo,#F40000,2741,Joviânia/GO,0.0
Desastres geo-hidrológicos,60008,Gestão de risco de desastre,2015,,Presente,verylow,Muito baixo,#F40000,2905,Juara/MT,0.0
Desastres geo-hidrológicos,60008,Gestão de risco de desastre,2015,,Presente,verylow,Muito baixo,#F40000,4075,Juarez Távora/PB,0.0
Desastres geo-hidrológicos,60008,Gestão de risco de desastre,2015,,Presente,verylow,Muito baixo,#F40000,4076,Juazeirinho/PB,0.0
Desastres geo-hidrológicos,60008,Gestão de risco de desastre,2015,,Presente,verylow,Muito baixo,#F40000,4714,Juazeiro/BA,0.0
Desastres geo-hidrológicos,60008,Gestão de risco de desastre,2015,,Presente,verylow,Muito baixo,#F40000,3727,Jucás/CE,0.0
Desastres geo-hidrológicos,60008,Gestão de risco de desastre,2015,,Presente,verylow,Muito baixo,#F40000,719,Jucuruçu/BA,0.0
Desastres geo-hidrológicos,60008,Gestão de risco de desastre,2015,,Presente,verylow,Muito baixo,#F40000,2906,Juína/MT,0.0
Desastres geo-hidrológicos,60008,Gestão de risco de desastre,2015,,Presente,verylow,Muito baixo,#F40000,3513,Júlio Borges/PI,0.0
Desastres geo-hidrológicos,60008,Gestão de risco de desastre,2015,,Presente,verylow,Muito baixo,#F40000,307,Júlio de Castilhos/RS,0.0
Desastres geo-hidrológicos,60008,Gestão de risco de desastre,2015,,Presente,verylow,Muito baixo,#F40000,2052,Júlio Mesquita/SP,0.0
Desastres geo-hidrológicos,60008,Gestão de risco de desastre,2015,,Presente,verylow,Muito baixo,#F40000,2053,Jumirim/SP,0.0
Desastres geo-hidrológicos,60008,Gestão de risco de desastre,2015,,Presente,verylow,Muito baixo,#F40000,3284,Junco do Maranhão/MA,0.0
Desastres geo-hidrológicos,60008,Gestão de risco de desastre,2015,,Presente,verylow,Muito baixo,#F40000,4077,Junco do Seridó/PB,0.0
Desastres geo-hidrológicos,60008,Gestão de risco de desastre,2015,,Presente,verylow,Muito baixo,#F40000,4429,Jundiá/AL,0.0
Desastres geo-hidrológicos,60008,Gestão de risco de desastre,2015,,Presente,verylow,Muito baixo,#F40000,5365,Jundiaí do Sul/PR,0.0
Desastres geo-hidrológicos,60008,Gestão de risco de desastre,2015,,Presente,verylow,Muito baixo,#F40000,4430,Junqueiro/AL,0.0
Desastres geo-hidrológicos,60008,Gestão de risco de desastre,2015,,Presente,verylow,Muito baixo,#F40000,4905,Junqueirópolis/SP,0.0
Desastres geo-hidrológicos,60008,Gestão de risco de desastre,2015,,Presente,verylow,Muito baixo,#F40000,73,Jupiá/SC,0.0
Desastres geo-hidrológicos,60008,Gestão de risco de desastre,2015,,Presente,verylow,Muito baixo,#F40000,4296,Jupi/PE,0.0
Desastres geo-hidrológicos,60008,Gestão de risco de desastre,2015,,Presente,verylow,Muito baixo,#F40000,1174,Juramento/MG,0.0
Desastres geo-hidrológicos,60008,Gestão de risco de desastre,2015,,Presente,verylow,Muito baixo,#F40000,5167,Juranda/PR,0.0
Desastres geo-hidrológicos,60008,Gestão de risco de desastre,2015,,Presente,verylow,Muito baixo,#F40000,4078,Juripiranga/PB,0.0
Desastres geo-hidrológicos,60008,Gestão de risco de desastre,2015,,Presente,verylow,Muito baixo,#F40000,1175,Juruaia/MG,0.0
Desastres geo-hidrológicos,60008,Gestão de risco de desastre,2015,,Presente,verylow,Muito baixo,#F40000,2907,Juruena/MT,0.0
Desastres geo-hidrológicos,60008,Gestão de risco de desastre,2015,,Presente,verylow,Muito baixo,#F40000,4079,Juru/PB,0.0
Desastres geo-hidrológicos,60008,Gestão de risco de desastre,2015,,Presente,verylow,Muito baixo,#F40000,4715,Jussara/BA,0.0
Desastres geo-hidrológicos,60008,Gestão de risco de desastre,2015,,Presente,verylow,Muito baixo,#F40000,4975,Jussara/GO,0.0
Desastres geo-hidrológicos,60008,Gestão de risco de desastre,2015,,Presente,verylow,Muito baixo,#F40000,720,Jussari/BA,0.0
Desastres geo-hidrológicos,60008,Gestão de risco de desastre,2015,,Presente,verylow,Muito baixo,#F40000,4716,Jussiape/BA,0.0
Desastres geo-hidrológicos,60008,Gestão de risco de desastre,2015,,Presente,verylow,Muito baixo,#F40000,74,Lacerdópolis/SC,0.0
Desastres geo-hidrológicos,60008,Gestão de risco de desastre,2015,,Presente,verylow,Muito baixo,#F40000,4717,Lafaiete Coutinho/BA,0.0
Desastres geo-hidrológicos,60008,Gestão de risco de desastre,2015,,Presente,verylow,Muito baixo,#F40000,1177,Lagamar/MG,0.0
Desastres geo-hidrológicos,60008,Gestão de risco de desastre,2015,,Presente,verylow,Muito baixo,#F40000,3516,Lagoa Alegre/PI,0.0
Desastres geo-hidrológicos,60008,Gestão de risco de desastre,2015,,Presente,verylow,Muito baixo,#F40000,308,Lagoa Bonita do Sul/RS,0.0
Desastres geo-hidrológicos,60008,Gestão de risco de desastre,2015,,Presente,verylow,Muito baixo,#F40000,3113,Lagoa da Confusão/TO,0.0
Desastres geo-hidrológicos,60008,Gestão de risco de desastre,2015,,Presente,verylow,Muito baixo,#F40000,3880,Lagoa d'Anta/RN,0.0
Desastres geo-hidrológicos,60008,Gestão de risco de desastre,2015,,Presente,verylow,Muito baixo,#F40000,1178,Lagoa da Prata/MG,0.0
Desastres geo-hidrológicos,60008,Gestão de risco de desastre,2015,,Presente,verylow,Muito baixo,#F40000,4081,Lagoa de Dentro/PB,0.0
Desastres geo-hidrológicos,60008,Gestão de risco de desastre,2015,,Presente,verylow,Muito baixo,#F40000,4299,Lagoa de Itaenga/PE,0.0
Desastres geo-hidrológicos,60008,Gestão de risco de desastre,2015,,Presente,verylow,Muito baixo,#F40000,3518,Lagoa de São Francisco/PI,0.0
Desastres geo-hidrológicos,60008,Gestão de risco de desastre,2015,,Presente,verylow,Muito baixo,#F40000,3882,Lagoa de Velhos/RN,0.0
Desastres geo-hidrológicos,60008,Gestão de risco de desastre,2015,,Presente,verylow,Muito baixo,#F40000,4301,Lagoa dos Gatos/PE,0.0
Desastres geo-hidrológicos,60008,Gestão de risco de desastre,2015,,Presente,verylow,Muito baixo,#F40000,1179,Lagoa dos Patos/MG,0.0
Desastres geo-hidrológicos,60008,Gestão de risco de desastre,2015,,Presente,verylow,Muito baixo,#F40000,1180,Lagoa Dourada/MG,0.0
Desastres geo-hidrológicos,60008,Gestão de risco de desastre,2015,,Presente,verylow,Muito baixo,#F40000,1181,Lagoa Formosa/MG,0.0
Desastres geo-hidrológicos,60008,Gestão de risco de desastre,2015,,Presente,verylow,Muito baixo,#F40000,3883,Lagoa Nova/RN,0.0
Desastres geo-hidrológicos,60008,Gestão de risco de desastre,2015,,Presente,verylow,Muito baixo,#F40000,309,Lagoão/RS,0.0
Desastres geo-hidrológicos,60008,Gestão de risco de desastre,2015,,Presente,verylow,Muito baixo,#F40000,4080,Lagoa/PB,0.0
Desastres geo-hidrológicos,60008,Gestão de risco de desastre,2015,,Presente,verylow,Muito baixo,#F40000,4718,Lagoa Real/BA,0.0
Desastres geo-hidrológicos,60008,Gestão de risco de desastre,2015,,Presente,verylow,Muito baixo,#F40000,3884,Lagoa Salgada/RN,0.0
Desastres geo-hidrológicos,60008,Gestão de risco de desastre,2015,,Presente,verylow,Muito baixo,#F40000,4976,Lagoa Santa/GO,0.0
Desastres geo-hidrológicos,60008,Gestão de risco de desastre,2015,,Presente,verylow,Muito baixo,#F40000,3515,Lagoinha do Piauí/PI,0.0
Desastres geo-hidrológicos,60008,Gestão de risco de desastre,2015,,Presente,verylow,Muito baixo,#F40000,569,Laguna Carapã/MS,0.0
Desastres geo-hidrológicos,60008,Gestão de risco de desastre,2015,,Presente,verylow,Muito baixo,#F40000,2465,Laguna/SC,0.0
Desastres geo-hidrológicos,60008,Gestão de risco de desastre,2015,,Presente,verylow,Muito baixo,#F40000,312,Lajeado do Bugre/RS,0.0
Desastres geo-hidrológicos,60008,Gestão de risco de desastre,2015,,Presente,verylow,Muito baixo,#F40000,721,Lajedão/BA,0.0
Desastres geo-hidrológicos,60008,Gestão de risco de desastre,2015,,Presente,verylow,Muito baixo,#F40000,4721,Lajedo do Tabocal/BA,0.0
Desastres geo-hidrológicos,60008,Gestão de risco de desastre,2015,,Presente,verylow,Muito baixo,#F40000,3886,Lajes Pintadas/RN,0.0
Desastres geo-hidrológicos,60008,Gestão de risco de desastre,2015,,Presente,verylow,Muito baixo,#F40000,3885,Lajes/RN,0.0
Desastres geo-hidrológicos,60008,Gestão de risco de desastre,2015,,Presente,verylow,Muito baixo,#F40000,4722,Lamarão/BA,0.0
Desastres geo-hidrológicos,60008,Gestão de risco de desastre,2015,,Presente,verylow,Muito baixo,#F40000,3521,Landri Sales/PI,0.0
Desastres geo-hidrológicos,60008,Gestão de risco de desastre,2015,,Presente,verylow,Muito baixo,#F40000,2886,Laranjal do Jari/AP,0.0
Desastres geo-hidrológicos,60008,Gestão de risco de desastre,2015,,Presente,verylow,Muito baixo,#F40000,4522,Laranjeiras/SE,0.0
Desastres geo-hidrológicos,60008,Gestão de risco de desastre,2015,,Presente,verylow,Muito baixo,#F40000,1188,Lassance/MG,0.0
Desastres geo-hidrológicos,60008,Gestão de risco de desastre,2015,,Presente,verylow,Muito baixo,#F40000,4083,Lastro/PB,0.0
Desastres geo-hidrológicos,60008,Gestão de risco de desastre,2015,,Presente,verylow,Muito baixo,#F40000,2466,Laurentino/SC,0.0
Desastres geo-hidrológicos,60008,Gestão de risco de desastre,2015,,Presente,verylow,Muito baixo,#F40000,3116,Lavandeira/TO,0.0
Desastres geo-hidrológicos,60008,Gestão de risco de desastre,2015,,Presente,verylow,Muito baixo,#F40000,2059,Lavínia/SP,0.0
Desastres geo-hidrológicos,60008,Gestão de risco de desastre,2015,,Presente,verylow,Muito baixo,#F40000,313,Lavras do Sul/RS,0.0
Desastres geo-hidrológicos,60008,Gestão de risco de desastre,2015,,Presente,verylow,Muito baixo,#F40000,2060,Lavrinhas/SP,0.0
Desastres geo-hidrológicos,60008,Gestão de risco de desastre,2015,,Presente,verylow,Muito baixo,#F40000,1190,Leandro Ferreira/MG,0.0
Desastres geo-hidrológicos,60008,Gestão de risco de desastre,2015,,Presente,verylow,Muito baixo,#F40000,2061,Leme/SP,0.0
Desastres geo-hidrológicos,60008,Gestão de risco de desastre,2015,,Presente,verylow,Muito baixo,#F40000,4725,Lençóis/BA,0.0
Desastres geo-hidrológicos,60008,Gestão de risco de desastre,2015,,Presente,verylow,Muito baixo,#F40000,2469,Leoberto Leal/SC,0.0
Desastres geo-hidrológicos,60008,Gestão de risco de desastre,2015,,Presente,verylow,Muito baixo,#F40000,1192,Leopoldina/MG,0.0
Desastres geo-hidrológicos,60008,Gestão de risco de desastre,2015,,Presente,verylow,Muito baixo,#F40000,5367,Leópolis/PR,0.0
Desastres geo-hidrológicos,60008,Gestão de risco de desastre,2015,,Presente,verylow,Muito baixo,#F40000,1193,Liberdade/MG,0.0
Desastres geo-hidrológicos,60008,Gestão de risco de desastre,2015,,Presente,verylow,Muito baixo,#F40000,722,Licínio de Almeida/BA,0.0
Desastres geo-hidrológicos,60008,Gestão de risco de desastre,2015,,Presente,verylow,Muito baixo,#F40000,3292,Lima Campos/MA,0.0
Desastres geo-hidrológicos,60008,Gestão de risco de desastre,2015,,Presente,verylow,Muito baixo,#F40000,1195,Limeira do Oeste/MG,0.0
Desastres geo-hidrológicos,60008,Gestão de risco de desastre,2015,,Presente,verylow,Muito baixo,#F40000,2985,Limoeiro do Ajuru/PA,0.0
Desastres geo-hidrológicos,60008,Gestão de risco de desastre,2015,,Presente,verylow,Muito baixo,#F40000,4726,Livramento de Nossa Senhora/BA,0.0
Desastres geo-hidrológicos,60008,Gestão de risco de desastre,2015,,Presente,verylow,Muito baixo,#F40000,3117,Lizarda/TO,0.0
Desastres geo-hidrológicos,60008,Gestão de risco de desastre,2015,,Presente,verylow,Muito baixo,#F40000,4085,Logradouro/PB,0.0
Desastres geo-hidrológicos,60008,Gestão de risco de desastre,2015,,Presente,verylow,Muito baixo,#F40000,2470,Lontras/SC,0.0
Desastres geo-hidrológicos,60008,Gestão de risco de desastre,2015,,Presente,verylow,Muito baixo,#F40000,2066,Lorena/SP,0.0
Desastres geo-hidrológicos,60008,Gestão de risco de desastre,2015,,Presente,verylow,Muito baixo,#F40000,3293,Loreto/MA,0.0
Desastres geo-hidrológicos,60008,Gestão de risco de desastre,2015,,Presente,verylow,Muito baixo,#F40000,2067,Lourdes/SP,0.0
Desastres geo-hidrológicos,60008,Gestão de risco de desastre,2015,,Presente,verylow,Muito baixo,#F40000,2069,Lucélia/SP,0.0
Desastres geo-hidrológicos,60008,Gestão de risco de desastre,2015,,Presente,verylow,Muito baixo,#F40000,4086,Lucena/PB,0.0
Desastres geo-hidrológicos,60008,Gestão de risco de desastre,2015,,Presente,verylow,Muito baixo,#F40000,5054,Luciara/MT,0.0
Desastres geo-hidrológicos,60008,Gestão de risco de desastre,2015,,Presente,verylow,Muito baixo,#F40000,3887,Lucrécia/RN,0.0
Desastres geo-hidrológicos,60008,Gestão de risco de desastre,2015,,Presente,verylow,Muito baixo,#F40000,1197,Luisburgo/MG,0.0
Desastres geo-hidrológicos,60008,Gestão de risco de desastre,2015,,Presente,verylow,Muito baixo,#F40000,3294,Luís Domingues/MA,0.0
Desastres geo-hidrológicos,60008,Gestão de risco de desastre,2015,,Presente,verylow,Muito baixo,#F40000,4727,Luís Eduardo Magalhães/BA,0.0
Desastres geo-hidrológicos,60008,Gestão de risco de desastre,2015,,Presente,verylow,Muito baixo,#F40000,3888,Luís Gomes/RN,0.0
Desastres geo-hidrológicos,60008,Gestão de risco de desastre,2015,,Presente,verylow,Muito baixo,#F40000,1198,Luislândia/MG,0.0
Desastres geo-hidrológicos,60008,Gestão de risco de desastre,2015,,Presente,verylow,Muito baixo,#F40000,5176,Luiziana/PR,0.0
Desastres geo-hidrológicos,60008,Gestão de risco de desastre,2015,,Presente,verylow,Muito baixo,#F40000,1199,Luminárias/MG,0.0
Desastres geo-hidrológicos,60008,Gestão de risco de desastre,2015,,Presente,verylow,Muito baixo,#F40000,5177,Lunardelli/PR,0.0
Desastres geo-hidrológicos,60008,Gestão de risco de desastre,2015,,Presente,verylow,Muito baixo,#F40000,2073,Lupércio/SP,0.0
Desastres geo-hidrológicos,60008,Gestão de risco de desastre,2015,,Presente,verylow,Muito baixo,#F40000,2074,Lutécia/SP,0.0
Desastres geo-hidrológicos,60008,Gestão de risco de desastre,2015,,Presente,verylow,Muito baixo,#F40000,77,Luzerna/SC,0.0
Desastres geo-hidrológicos,60008,Gestão de risco de desastre,2015,,Presente,verylow,Muito baixo,#F40000,2743,Luziânia/GO,0.0
Desastres geo-hidrológicos,60008,Gestão de risco de desastre,2015,,Presente,verylow,Muito baixo,#F40000,3118,Luzinópolis/TO,0.0
Desastres geo-hidrológicos,60008,Gestão de risco de desastre,2015,,Presente,verylow,Muito baixo,#F40000,1200,Luz/MG,0.0
Desastres geo-hidrológicos,60008,Gestão de risco de desastre,2015,,Presente,verylow,Muito baixo,#F40000,3889,Macaíba/RN,0.0
Desastres geo-hidrológicos,60008,Gestão de risco de desastre,2015,,Presente,verylow,Muito baixo,#F40000,4728,Macajuba/BA,0.0
Desastres geo-hidrológicos,60008,Gestão de risco de desastre,2015,,Presente,verylow,Muito baixo,#F40000,316,Maçambará/RS,0.0
Desastres geo-hidrológicos,60008,Gestão de risco de desastre,2015,,Presente,verylow,Muito baixo,#F40000,4523,Macambira/SE,0.0
Desastres geo-hidrológicos,60008,Gestão de risco de desastre,2015,,Presente,verylow,Muito baixo,#F40000,723,Macarani/BA,0.0
Desastres geo-hidrológicos,60008,Gestão de risco de desastre,2015,,Presente,verylow,Muito baixo,#F40000,2075,Macatuba/SP,0.0
Desastres geo-hidrológicos,60008,Gestão de risco de desastre,2015,,Presente,verylow,Muito baixo,#F40000,4729,Macaúbas/BA,0.0
Desastres geo-hidrológicos,60008,Gestão de risco de desastre,2015,,Presente,verylow,Muito baixo,#F40000,1201,Machacalis/MG,0.0
Desastres geo-hidrológicos,60008,Gestão de risco de desastre,2015,,Presente,verylow,Muito baixo,#F40000,4306,Machados/PE,0.0
Desastres geo-hidrológicos,60008,Gestão de risco de desastre,2015,,Presente,verylow,Muito baixo,#F40000,4730,Macururé/BA,0.0
Desastres geo-hidrológicos,60008,Gestão de risco de desastre,2015,,Presente,verylow,Muito baixo,#F40000,4731,Madre de Deus/BA,0.0
Desastres geo-hidrológicos,60008,Gestão de risco de desastre,2015,,Presente,verylow,Muito baixo,#F40000,1203,Madre de Deus de Minas/MG,0.0
Desastres geo-hidrológicos,60008,Gestão de risco de desastre,2015,,Presente,verylow,Muito baixo,#F40000,4087,Mãe d'Água/PB,0.0
Desastres geo-hidrológicos,60008,Gestão de risco de desastre,2015,,Presente,verylow,Muito baixo,#F40000,3295,Magalhães de Almeida/MA,0.0
Desastres geo-hidrológicos,60008,Gestão de risco de desastre,2015,,Presente,verylow,Muito baixo,#F40000,2744,Mairipotaba/GO,0.0
Desastres geo-hidrológicos,60008,Gestão de risco de desastre,2015,,Presente,verylow,Muito baixo,#F40000,4434,Major Isidoro/AL,0.0
Desastres geo-hidrológicos,60008,Gestão de risco de desastre,2015,,Presente,verylow,Muito baixo,#F40000,3891,Major Sales/RN,0.0
Desastres geo-hidrológicos,60008,Gestão de risco de desastre,2015,,Presente,verylow,Muito baixo,#F40000,2474,Major Vieira/SC,0.0
Desastres geo-hidrológicos,60008,Gestão de risco de desastre,2015,,Presente,verylow,Muito baixo,#F40000,5000,Malhada/BA,0.0
Desastres geo-hidrológicos,60008,Gestão de risco de desastre,2015,,Presente,verylow,Muito baixo,#F40000,5001,Malhada de Pedras/BA,0.0
Desastres geo-hidrológicos,60008,Gestão de risco de desastre,2015,,Presente,verylow,Muito baixo,#F40000,4524,Malhada dos Bois/SE,0.0
Desastres geo-hidrológicos,60008,Gestão de risco de desastre,2015,,Presente,verylow,Muito baixo,#F40000,4525,Malhador/SE,0.0
Desastres geo-hidrológicos,60008,Gestão de risco de desastre,2015,,Presente,verylow,Muito baixo,#F40000,4088,Malta/PB,0.0
Desastres geo-hidrológicos,60008,Gestão de risco de desastre,2015,,Presente,verylow,Muito baixo,#F40000,4089,Mamanguape/PB,0.0
Desastres geo-hidrológicos,60008,Gestão de risco de desastre,2015,,Presente,verylow,Muito baixo,#F40000,5019,Mambaí/GO,0.0
Desastres geo-hidrológicos,60008,Gestão de risco de desastre,2015,,Presente,verylow,Muito baixo,#F40000,1205,Mamonas/MG,0.0
Desastres geo-hidrológicos,60008,Gestão de risco de desastre,2015,,Presente,verylow,Muito baixo,#F40000,2599,Mampituba/RS,0.0
Desastres geo-hidrológicos,60008,Gestão de risco de desastre,2015,,Presente,verylow,Muito baixo,#F40000,4090,Manaíra/PB,0.0
Desastres geo-hidrológicos,60008,Gestão de risco de desastre,2015,,Presente,verylow,Muito baixo,#F40000,5495,Manaquiri/AM,0.0
Desastres geo-hidrológicos,60008,Gestão de risco de desastre,2015,,Presente,verylow,Muito baixo,#F40000,4307,Manari/PE,0.0
Desastres geo-hidrológicos,60008,Gestão de risco de desastre,2015,,Presente,verylow,Muito baixo,#F40000,2830,Mâncio Lima/AC,0.0
Desastres geo-hidrológicos,60008,Gestão de risco de desastre,2015,,Presente,verylow,Muito baixo,#F40000,5180,Mandaguaçu/PR,0.0
Desastres geo-hidrológicos,60008,Gestão de risco de desastre,2015,,Presente,verylow,Muito baixo,#F40000,5370,Mandirituba/PR,0.0
Desastres geo-hidrológicos,60008,Gestão de risco de desastre,2015,,Presente,verylow,Muito baixo,#F40000,5182,Manfrinópolis/PR,0.0
Desastres geo-hidrológicos,60008,Gestão de risco de desastre,2015,,Presente,verylow,Muito baixo,#F40000,1206,Manga/MG,0.0
Desastres geo-hidrológicos,60008,Gestão de risco de desastre,2015,,Presente,verylow,Muito baixo,#F40000,3525,Manoel Emídio/PI,0.0
Desastres geo-hidrológicos,60008,Gestão de risco de desastre,2015,,Presente,verylow,Muito baixo,#F40000,2831,Manoel Urbano/AC,0.0
Desastres geo-hidrológicos,60008,Gestão de risco de desastre,2015,,Presente,verylow,Muito baixo,#F40000,5002,Manoel Vitorino/BA,0.0
Desastres geo-hidrológicos,60008,Gestão de risco de desastre,2015,,Presente,verylow,Muito baixo,#F40000,4733,Mansidão/BA,0.0
Desastres geo-hidrológicos,60008,Gestão de risco de desastre,2015,,Presente,verylow,Muito baixo,#F40000,2600,Maquiné/RS,0.0
Desastres geo-hidrológicos,60008,Gestão de risco de desastre,2015,,Presente,verylow,Muito baixo,#F40000,3296,Maracaçumé/MA,0.0
Desastres geo-hidrológicos,60008,Gestão de risco de desastre,2015,,Presente,verylow,Muito baixo,#F40000,570,Maracaju/MS,0.0
Desastres geo-hidrológicos,60008,Gestão de risco de desastre,2015,,Presente,verylow,Muito baixo,#F40000,2989,Maracanã/PA,0.0
Desastres geo-hidrológicos,60008,Gestão de risco de desastre,2015,,Presente,verylow,Muito baixo,#F40000,4734,Maracás/BA,0.0
Desastres geo-hidrológicos,60008,Gestão de risco de desastre,2015,,Presente,verylow,Muito baixo,#F40000,3298,Maranhãozinho/MA,0.0
Desastres geo-hidrológicos,60008,Gestão de risco de desastre,2015,,Presente,verylow,Muito baixo,#F40000,4881,Mara Rosa/GO,0.0
Desastres geo-hidrológicos,60008,Gestão de risco de desastre,2015,,Presente,verylow,Muito baixo,#F40000,5003,Maraú/BA,0.0
Desastres geo-hidrológicos,60008,Gestão de risco de desastre,2015,,Presente,verylow,Muito baixo,#F40000,4436,Maravilha/AL,0.0
Desastres geo-hidrológicos,60008,Gestão de risco de desastre,2015,,Presente,verylow,Muito baixo,#F40000,78,Maravilha/SC,0.0
Desastres geo-hidrológicos,60008,Gestão de risco de desastre,2015,,Presente,verylow,Muito baixo,#F40000,4091,Marcação/PB,0.0
Desastres geo-hidrológicos,60008,Gestão de risco de desastre,2015,,Presente,verylow,Muito baixo,#F40000,2909,Marcelândia/MT,0.0
Desastres geo-hidrológicos,60008,Gestão de risco de desastre,2015,,Presente,verylow,Muito baixo,#F40000,3892,Marcelino Vieira/RN,0.0
Desastres geo-hidrológicos,60008,Gestão de risco de desastre,2015,,Presente,verylow,Muito baixo,#F40000,4736,Marcionílio Souza/BA,0.0
Desastres geo-hidrológicos,60008,Gestão de risco de desastre,2015,,Presente,verylow,Muito baixo,#F40000,3526,Marcolândia/PI,0.0
Desastres geo-hidrológicos,60008,Gestão de risco de desastre,2015,,Presente,verylow,Muito baixo,#F40000,3527,Marcos Parente/PI,0.0
Desastres geo-hidrológicos,60008,Gestão de risco de desastre,2015,,Presente,verylow,Muito baixo,#F40000,1211,Mar de Espanha/MG,0.0
Desastres geo-hidrológicos,60008,Gestão de risco de desastre,2015,,Presente,verylow,Muito baixo,#F40000,2832,Marechal Thaumaturgo/AC,0.0
Desastres geo-hidrológicos,60008,Gestão de risco de desastre,2015,,Presente,verylow,Muito baixo,#F40000,79,Marema/SC,0.0
Desastres geo-hidrológicos,60008,Gestão de risco de desastre,2015,,Presente,verylow,Muito baixo,#F40000,1212,Maria da Fé/MG,0.0
Desastres geo-hidrológicos,60008,Gestão de risco de desastre,2015,,Presente,verylow,Muito baixo,#F40000,321,Mariana Pimentel/RS,0.0
Desastres geo-hidrológicos,60008,Gestão de risco de desastre,2015,,Presente,verylow,Muito baixo,#F40000,322,Mariano Moro/RS,0.0
Desastres geo-hidrológicos,60008,Gestão de risco de desastre,2015,,Presente,verylow,Muito baixo,#F40000,3119,Marianópolis do Tocantins/TO,0.0
Desastres geo-hidrológicos,60008,Gestão de risco de desastre,2015,,Presente,verylow,Muito baixo,#F40000,4438,Maribondo/AL,0.0
Desastres geo-hidrológicos,60008,Gestão de risco de desastre,2015,,Presente,verylow,Muito baixo,#F40000,1214,Marilac/MG,0.0
Desastres geo-hidrológicos,60008,Gestão de risco de desastre,2015,,Presente,verylow,Muito baixo,#F40000,5188,Marilena/PR,0.0
Desastres geo-hidrológicos,60008,Gestão de risco de desastre,2015,,Presente,verylow,Muito baixo,#F40000,1216,Maripá de Minas/MG,0.0
Desastres geo-hidrológicos,60008,Gestão de risco de desastre,2015,,Presente,verylow,Muito baixo,#F40000,4092,Mari/PB,0.0
Desastres geo-hidrológicos,60008,Gestão de risco de desastre,2015,,Presente,verylow,Muito baixo,#F40000,2991,Marituba/PA,0.0
Desastres geo-hidrológicos,60008,Gestão de risco de desastre,2015,,Presente,verylow,Muito baixo,#F40000,4093,Marizópolis/PB,0.0
Desastres geo-hidrológicos,60008,Gestão de risco de desastre,2015,,Presente,verylow,Muito baixo,#F40000,323,Marques de Souza/RS,0.0
Desastres geo-hidrológicos,60008,Gestão de risco de desastre,2015,,Presente,verylow,Muito baixo,#F40000,5194,Marquinho/PR,0.0
Desastres geo-hidrológicos,60008,Gestão de risco de desastre,2015,,Presente,verylow,Muito baixo,#F40000,1219,Martinho Campos/MG,0.0
Desastres geo-hidrológicos,60008,Gestão de risco de desastre,2015,,Presente,verylow,Muito baixo,#F40000,3734,Martinópole/CE,0.0
Desastres geo-hidrológicos,60008,Gestão de risco de desastre,2015,,Presente,verylow,Muito baixo,#F40000,1220,Martins Soares/MG,0.0
Desastres geo-hidrológicos,60008,Gestão de risco de desastre,2015,,Presente,verylow,Muito baixo,#F40000,726,Mascote/BA,0.0
Desastres geo-hidrológicos,60008,Gestão de risco de desastre,2015,,Presente,verylow,Muito baixo,#F40000,4094,Massaranduba/PB,0.0
Desastres geo-hidrológicos,60008,Gestão de risco de desastre,2015,,Presente,verylow,Muito baixo,#F40000,2476,Massaranduba/SC,0.0
Desastres geo-hidrológicos,60008,Gestão de risco de desastre,2015,,Presente,verylow,Muito baixo,#F40000,4440,Mata Grande/AL,0.0
Desastres geo-hidrológicos,60008,Gestão de risco de desastre,2015,,Presente,verylow,Muito baixo,#F40000,4095,Mataraca/PB,0.0
Desastres geo-hidrológicos,60008,Gestão de risco de desastre,2015,,Presente,verylow,Muito baixo,#F40000,3299,Mata Roma/MA,0.0
Desastres geo-hidrológicos,60008,Gestão de risco de desastre,2015,,Presente,verylow,Muito baixo,#F40000,3120,Mateiros/TO,0.0
Desastres geo-hidrológicos,60008,Gestão de risco de desastre,2015,,Presente,verylow,Muito baixo,#F40000,1223,Mateus Leme/MG,0.0
Desastres geo-hidrológicos,60008,Gestão de risco de desastre,2015,,Presente,verylow,Muito baixo,#F40000,1225,Matias Cardoso/MG,0.0
Desastres geo-hidrológicos,60008,Gestão de risco de desastre,2015,,Presente,verylow,Muito baixo,#F40000,4738,Matina/BA,0.0
Desastres geo-hidrológicos,60008,Gestão de risco de desastre,2015,,Presente,verylow,Muito baixo,#F40000,3300,Matinha/MA,0.0
Desastres geo-hidrológicos,60008,Gestão de risco de desastre,2015,,Presente,verylow,Muito baixo,#F40000,4096,Matinhas/PB,0.0
Desastres geo-hidrológicos,60008,Gestão de risco de desastre,2015,,Presente,verylow,Muito baixo,#F40000,1226,Matipó/MG,0.0
Desastres geo-hidrológicos,60008,Gestão de risco de desastre,2015,,Presente,verylow,Muito baixo,#F40000,325,Mato Castelhano/RS,0.0
Desastres geo-hidrológicos,60008,Gestão de risco de desastre,2015,,Presente,verylow,Muito baixo,#F40000,4097,Mato Grosso/PB,0.0
Desastres geo-hidrológicos,60008,Gestão de risco de desastre,2015,,Presente,verylow,Muito baixo,#F40000,326,Mato Leitão/RS,0.0
Desastres geo-hidrológicos,60008,Gestão de risco de desastre,2015,,Presente,verylow,Muito baixo,#F40000,1227,Mato Verde/MG,0.0
Desastres geo-hidrológicos,60008,Gestão de risco de desastre,2015,,Presente,verylow,Muito baixo,#F40000,2910,Matupá/MT,0.0
Desastres geo-hidrológicos,60008,Gestão de risco de desastre,2015,,Presente,verylow,Muito baixo,#F40000,4098,Maturéia/PB,0.0
Desastres geo-hidrológicos,60008,Gestão de risco de desastre,2015,,Presente,verylow,Muito baixo,#F40000,3121,Maurilândia do Tocantins/TO,0.0
Desastres geo-hidrológicos,60008,Gestão de risco de desastre,2015,,Presente,verylow,Muito baixo,#F40000,2747,Maurilândia/GO,0.0
Desastres geo-hidrológicos,60008,Gestão de risco de desastre,2015,,Presente,verylow,Muito baixo,#F40000,5043,Mazagão/AP,0.0
Desastres geo-hidrológicos,60008,Gestão de risco de desastre,2015,,Presente,verylow,Muito baixo,#F40000,1230,Medeiros/MG,0.0
Desastres geo-hidrológicos,60008,Gestão de risco de desastre,2015,,Presente,verylow,Muito baixo,#F40000,2869,Medicilândia/PA,0.0
Desastres geo-hidrológicos,60008,Gestão de risco de desastre,2015,,Presente,verylow,Muito baixo,#F40000,1231,Medina/MG,0.0
Desastres geo-hidrológicos,60008,Gestão de risco de desastre,2015,,Presente,verylow,Muito baixo,#F40000,5033,Melgaço/PA,0.0
Desastres geo-hidrológicos,60008,Gestão de risco de desastre,2015,,Presente,verylow,Muito baixo,#F40000,1232,Mendes Pimentel/MG,0.0
Desastres geo-hidrológicos,60008,Gestão de risco de desastre,2015,,Presente,verylow,Muito baixo,#F40000,1234,Mesquita/MG,0.0
Desastres geo-hidrológicos,60008,Gestão de risco de desastre,2015,,Presente,verylow,Muito baixo,#F40000,4442,Messias/AL,0.0
Desastres geo-hidrológicos,60008,Gestão de risco de desastre,2015,,Presente,verylow,Muito baixo,#F40000,3895,Messias Targino/RN,0.0
Desastres geo-hidrológicos,60008,Gestão de risco de desastre,2015,,Presente,verylow,Muito baixo,#F40000,3531,Miguel Leão/PI,0.0
Desastres geo-hidrológicos,60008,Gestão de risco de desastre,2015,,Presente,verylow,Muito baixo,#F40000,2093,Miguelópolis/SP,0.0
Desastres geo-hidrológicos,60008,Gestão de risco de desastre,2015,,Presente,verylow,Muito baixo,#F40000,4740,Milagres/BA,0.0
Desastres geo-hidrológicos,60008,Gestão de risco de desastre,2015,,Presente,verylow,Muito baixo,#F40000,3303,Milagres do Maranhão/MA,0.0
Desastres geo-hidrológicos,60008,Gestão de risco de desastre,2015,,Presente,verylow,Muito baixo,#F40000,3739,Milhã/CE,0.0
Desastres geo-hidrológicos,60008,Gestão de risco de desastre,2015,,Presente,verylow,Muito baixo,#F40000,2748,Mimoso de Goiás/GO,0.0
Desastres geo-hidrológicos,60008,Gestão de risco de desastre,2015,,Presente,verylow,Muito baixo,#F40000,4882,Minaçu/GO,0.0
Desastres geo-hidrológicos,60008,Gestão de risco de desastre,2015,,Presente,verylow,Muito baixo,#F40000,4443,Minador do Negrão/AL,0.0
Desastres geo-hidrológicos,60008,Gestão de risco de desastre,2015,,Presente,verylow,Muito baixo,#F40000,1236,Minduri/MG,0.0
Desastres geo-hidrológicos,60008,Gestão de risco de desastre,2015,,Presente,verylow,Muito baixo,#F40000,664,Mineiros/GO,0.0
Desastres geo-hidrológicos,60008,Gestão de risco de desastre,2015,,Presente,verylow,Muito baixo,#F40000,5558,Ministro Andreazza/RO,0.0
Desastres geo-hidrológicos,60008,Gestão de risco de desastre,2015,,Presente,verylow,Muito baixo,#F40000,3122,Miracema do Tocantins/TO,0.0
Desastres geo-hidrológicos,60008,Gestão de risco de desastre,2015,,Presente,verylow,Muito baixo,#F40000,3304,Mirador/MA,0.0
Desastres geo-hidrológicos,60008,Gestão de risco de desastre,2015,,Presente,verylow,Muito baixo,#F40000,2096,Mira Estrela/SP,0.0
Desastres geo-hidrológicos,60008,Gestão de risco de desastre,2015,,Presente,verylow,Muito baixo,#F40000,571,Miranda/MS,0.0
Desastres geo-hidrológicos,60008,Gestão de risco de desastre,2015,,Presente,verylow,Muito baixo,#F40000,4309,Mirandiba/PE,0.0
Desastres geo-hidrológicos,60008,Gestão de risco de desastre,2015,,Presente,verylow,Muito baixo,#F40000,4741,Mirangaba/BA,0.0
Desastres geo-hidrológicos,60008,Gestão de risco de desastre,2015,,Presente,verylow,Muito baixo,#F40000,3123,Miranorte/TO,0.0
Desastres geo-hidrológicos,60008,Gestão de risco de desastre,2015,,Presente,verylow,Muito baixo,#F40000,5004,Mirante/BA,0.0
Desastres geo-hidrológicos,60008,Gestão de risco de desastre,2015,,Presente,verylow,Muito baixo,#F40000,5559,Mirante da Serra/RO,0.0
Desastres geo-hidrológicos,60008,Gestão de risco de desastre,2015,,Presente,verylow,Muito baixo,#F40000,2099,Mirassolândia/SP,0.0
Desastres geo-hidrológicos,60008,Gestão de risco de desastre,2015,,Presente,verylow,Muito baixo,#F40000,628,Mirassol d'Oeste/MT,0.0
Desastres geo-hidrológicos,60008,Gestão de risco de desastre,2015,,Presente,verylow,Muito baixo,#F40000,2098,Mirassol/SP,0.0
Desastres geo-hidrológicos,60008,Gestão de risco de desastre,2015,,Presente,verylow,Muito baixo,#F40000,1240,Miravânia/MG,0.0
Desastres geo-hidrológicos,60008,Gestão de risco de desastre,2015,,Presente,verylow,Muito baixo,#F40000,2992,Mocajuba/PA,0.0
Desastres geo-hidrológicos,60008,Gestão de risco de desastre,2015,,Presente,verylow,Muito baixo,#F40000,2100,Mococa/SP,0.0
Desastres geo-hidrológicos,60008,Gestão de risco de desastre,2015,,Presente,verylow,Muito baixo,#F40000,80,Modelo/SC,0.0
Desastres geo-hidrológicos,60008,Gestão de risco de desastre,2015,,Presente,verylow,Muito baixo,#F40000,1241,Moeda/MG,0.0
Desastres geo-hidrológicos,60008,Gestão de risco de desastre,2015,,Presente,verylow,Muito baixo,#F40000,1242,Moema/MG,0.0
Desastres geo-hidrológicos,60008,Gestão de risco de desastre,2015,,Presente,verylow,Muito baixo,#F40000,4099,Mogeiro/PB,0.0
Desastres geo-hidrológicos,60008,Gestão de risco de desastre,2015,,Presente,verylow,Muito baixo,#F40000,2103,Mogi Mirim/SP,0.0
Desastres geo-hidrológicos,60008,Gestão de risco de desastre,2015,,Presente,verylow,Muito baixo,#F40000,2749,Moiporá/GO,0.0
Desastres geo-hidrológicos,60008,Gestão de risco de desastre,2015,,Presente,verylow,Muito baixo,#F40000,4527,Moita Bonita/SE,0.0
Desastres geo-hidrológicos,60008,Gestão de risco de desastre,2015,,Presente,verylow,Muito baixo,#F40000,2993,Moju/PA,0.0
Desastres geo-hidrológicos,60008,Gestão de risco de desastre,2015,,Presente,verylow,Muito baixo,#F40000,3307,Monção/MA,0.0
Desastres geo-hidrológicos,60008,Gestão de risco de desastre,2015,,Presente,verylow,Muito baixo,#F40000,1243,Monjolos/MG,0.0
Desastres geo-hidrológicos,60008,Gestão de risco de desastre,2015,,Presente,verylow,Muito baixo,#F40000,3533,Monsenhor Gil/PI,0.0
Desastres geo-hidrológicos,60008,Gestão de risco de desastre,2015,,Presente,verylow,Muito baixo,#F40000,3534,Monsenhor Hipólito/PI,0.0
Desastres geo-hidrológicos,60008,Gestão de risco de desastre,2015,,Presente,verylow,Muito baixo,#F40000,3743,Monsenhor Tabosa/CE,0.0
Desastres geo-hidrológicos,60008,Gestão de risco de desastre,2015,,Presente,verylow,Muito baixo,#F40000,1245,Montalvânia/MG,0.0
Desastres geo-hidrológicos,60008,Gestão de risco de desastre,2015,,Presente,verylow,Muito baixo,#F40000,3896,Montanhas/RN,0.0
Desastres geo-hidrológicos,60008,Gestão de risco de desastre,2015,,Presente,verylow,Muito baixo,#F40000,1246,Monte Alegre de Minas/MG,0.0
Desastres geo-hidrológicos,60008,Gestão de risco de desastre,2015,,Presente,verylow,Muito baixo,#F40000,4528,Monte Alegre de Sergipe/SE,0.0
Desastres geo-hidrológicos,60008,Gestão de risco de desastre,2015,,Presente,verylow,Muito baixo,#F40000,2107,Monte Alegre do Sul/SP,0.0
Desastres geo-hidrológicos,60008,Gestão de risco de desastre,2015,,Presente,verylow,Muito baixo,#F40000,2109,Monte Aprazível/SP,0.0
Desastres geo-hidrológicos,60008,Gestão de risco de desastre,2015,,Presente,verylow,Muito baixo,#F40000,1247,Monte Azul/MG,0.0
Desastres geo-hidrológicos,60008,Gestão de risco de desastre,2015,,Presente,verylow,Muito baixo,#F40000,2110,Monte Azul Paulista/SP,0.0
Desastres geo-hidrológicos,60008,Gestão de risco de desastre,2015,,Presente,verylow,Muito baixo,#F40000,1248,Monte Belo/MG,0.0
Desastres geo-hidrológicos,60008,Gestão de risco de desastre,2015,,Presente,verylow,Muito baixo,#F40000,2480,Monte Carlo/SC,0.0
Desastres geo-hidrológicos,60008,Gestão de risco de desastre,2015,,Presente,verylow,Muito baixo,#F40000,1249,Monte Carmelo/MG,0.0
Desastres geo-hidrológicos,60008,Gestão de risco de desastre,2015,,Presente,verylow,Muito baixo,#F40000,2481,Monte Castelo/SC,0.0
Desastres geo-hidrológicos,60008,Gestão de risco de desastre,2015,,Presente,verylow,Muito baixo,#F40000,3898,Monte das Gameleiras/RN,0.0
Desastres geo-hidrológicos,60008,Gestão de risco de desastre,2015,,Presente,verylow,Muito baixo,#F40000,4101,Monte Horebe/PB,0.0
Desastres geo-hidrológicos,60008,Gestão de risco de desastre,2015,,Presente,verylow,Muito baixo,#F40000,4102,Monteiro/PB,0.0
Desastres geo-hidrológicos,60008,Gestão de risco de desastre,2015,,Presente,verylow,Muito baixo,#F40000,4444,Monteirópolis/AL,0.0
Desastres geo-hidrológicos,60008,Gestão de risco de desastre,2015,,Presente,verylow,Muito baixo,#F40000,5560,Monte Negro/RO,0.0
Desastres geo-hidrológicos,60008,Gestão de risco de desastre,2015,,Presente,verylow,Muito baixo,#F40000,4937,Montenegro/RS,0.0
Desastres geo-hidrológicos,60008,Gestão de risco de desastre,2015,,Presente,verylow,Muito baixo,#F40000,3308,Montes Altos/MA,0.0
Desastres geo-hidrológicos,60008,Gestão de risco de desastre,2015,,Presente,verylow,Muito baixo,#F40000,4742,Monte Santo/BA,0.0
Desastres geo-hidrológicos,60008,Gestão de risco de desastre,2015,,Presente,verylow,Muito baixo,#F40000,3125,Monte Santo do Tocantins/TO,0.0
Desastres geo-hidrológicos,60008,Gestão de risco de desastre,2015,,Presente,verylow,Muito baixo,#F40000,4977,Montes Claros de Goiás/GO,0.0
Desastres geo-hidrológicos,60008,Gestão de risco de desastre,2015,,Presente,verylow,Muito baixo,#F40000,1253,Monte Sião/MG,0.0
Desastres geo-hidrológicos,60008,Gestão de risco de desastre,2015,,Presente,verylow,Muito baixo,#F40000,4884,Montividiu do Norte/GO,0.0
Desastres geo-hidrológicos,60008,Gestão de risco de desastre,2015,,Presente,verylow,Muito baixo,#F40000,4978,Montividiu/GO,0.0
Desastres geo-hidrológicos,60008,Gestão de risco de desastre,2015,,Presente,verylow,Muito baixo,#F40000,4363,Moreilândia/PE,0.0
Desastres geo-hidrológicos,60008,Gestão de risco de desastre,2015,,Presente,verylow,Muito baixo,#F40000,333,Mormaço/RS,0.0
Desastres geo-hidrológicos,60008,Gestão de risco de desastre,2015,,Presente,verylow,Muito baixo,#F40000,2602,Morrinhos do Sul/RS,0.0
Desastres geo-hidrológicos,60008,Gestão de risco de desastre,2015,,Presente,verylow,Muito baixo,#F40000,2751,Morro Agudo de Goiás/GO,0.0
Desastres geo-hidrológicos,60008,Gestão de risco de desastre,2015,,Presente,verylow,Muito baixo,#F40000,1256,Morro da Garça/MG,0.0
Desastres geo-hidrológicos,60008,Gestão de risco de desastre,2015,,Presente,verylow,Muito baixo,#F40000,4744,Morro do Chapéu/BA,0.0
Desastres geo-hidrológicos,60008,Gestão de risco de desastre,2015,,Presente,verylow,Muito baixo,#F40000,334,Morro Redondo/RS,0.0
Desastres geo-hidrológicos,60008,Gestão de risco de desastre,2015,,Presente,verylow,Muito baixo,#F40000,2603,Morro Reuter/RS,0.0
Desastres geo-hidrológicos,60008,Gestão de risco de desastre,2015,,Presente,verylow,Muito baixo,#F40000,728,Mortugaba/BA,0.0
Desastres geo-hidrológicos,60008,Gestão de risco de desastre,2015,,Presente,verylow,Muito baixo,#F40000,2752,Mossâmedes/GO,0.0
Desastres geo-hidrológicos,60008,Gestão de risco de desastre,2015,,Presente,verylow,Muito baixo,#F40000,2115,Motuca/SP,0.0
Desastres geo-hidrológicos,60008,Gestão de risco de desastre,2015,,Presente,verylow,Muito baixo,#F40000,2753,Mozarlândia/GO,0.0
Desastres geo-hidrológicos,60008,Gestão de risco de desastre,2015,,Presente,verylow,Muito baixo,#F40000,2851,Mucajaí/RR,0.0
Desastres geo-hidrológicos,60008,Gestão de risco de desastre,2015,,Presente,verylow,Muito baixo,#F40000,3747,Mucambo/CE,0.0
Desastres geo-hidrológicos,60008,Gestão de risco de desastre,2015,,Presente,verylow,Muito baixo,#F40000,335,Muçum/RS,0.0
Desastres geo-hidrológicos,60008,Gestão de risco de desastre,2015,,Presente,verylow,Muito baixo,#F40000,729,Mucuri/BA,0.0
Desastres geo-hidrológicos,60008,Gestão de risco de desastre,2015,,Presente,verylow,Muito baixo,#F40000,2605,Muitos Capões/RS,0.0
Desastres geo-hidrológicos,60008,Gestão de risco de desastre,2015,,Presente,verylow,Muito baixo,#F40000,336,Muliterno/RS,0.0
Desastres geo-hidrológicos,60008,Gestão de risco de desastre,2015,,Presente,verylow,Muito baixo,#F40000,4746,Mulungu do Morro/BA,0.0
Desastres geo-hidrológicos,60008,Gestão de risco de desastre,2015,,Presente,verylow,Muito baixo,#F40000,4747,Mundo Novo/BA,0.0
Desastres geo-hidrológicos,60008,Gestão de risco de desastre,2015,,Presente,verylow,Muito baixo,#F40000,4885,Mundo Novo/GO,0.0
Desastres geo-hidrológicos,60008,Gestão de risco de desastre,2015,,Presente,verylow,Muito baixo,#F40000,572,Mundo Novo/MS,0.0
Desastres geo-hidrológicos,60008,Gestão de risco de desastre,2015,,Presente,verylow,Muito baixo,#F40000,1258,Munhoz/MG,0.0
Desastres geo-hidrológicos,60008,Gestão de risco de desastre,2015,,Presente,verylow,Muito baixo,#F40000,4529,Muribeca/SE,0.0
Desastres geo-hidrológicos,60008,Gestão de risco de desastre,2015,,Presente,verylow,Muito baixo,#F40000,3127,Muricilândia/TO,0.0
Desastres geo-hidrológicos,60008,Gestão de risco de desastre,2015,,Presente,verylow,Muito baixo,#F40000,4750,Muritiba/BA,0.0
Desastres geo-hidrológicos,60008,Gestão de risco de desastre,2015,,Presente,verylow,Muito baixo,#F40000,4886,Mutunópolis/GO,0.0
Desastres geo-hidrológicos,60008,Gestão de risco de desastre,2015,,Presente,verylow,Muito baixo,#F40000,1261,Muzambinho/MG,0.0
Desastres geo-hidrológicos,60008,Gestão de risco de desastre,2015,,Presente,verylow,Muito baixo,#F40000,2117,Nantes/SP,0.0
Desastres geo-hidrológicos,60008,Gestão de risco de desastre,2015,,Presente,verylow,Muito baixo,#F40000,9,Narandiba/SP,0.0
Desastres geo-hidrológicos,60008,Gestão de risco de desastre,2015,,Presente,verylow,Muito baixo,#F40000,1266,Natércia/MG,0.0
Desastres geo-hidrológicos,60008,Gestão de risco de desastre,2015,,Presente,verylow,Muito baixo,#F40000,4104,Natuba/PB,0.0
Desastres geo-hidrológicos,60008,Gestão de risco de desastre,2015,,Presente,verylow,Muito baixo,#F40000,573,Naviraí/MS,0.0
Desastres geo-hidrológicos,60008,Gestão de risco de desastre,2015,,Presente,verylow,Muito baixo,#F40000,1267,Nazareno/MG,0.0
Desastres geo-hidrológicos,60008,Gestão de risco de desastre,2015,,Presente,verylow,Muito baixo,#F40000,2119,Nazaré Paulista/SP,0.0
Desastres geo-hidrológicos,60008,Gestão de risco de desastre,2015,,Presente,verylow,Muito baixo,#F40000,3129,Nazaré/TO,0.0
Desastres geo-hidrológicos,60008,Gestão de risco de desastre,2015,,Presente,verylow,Muito baixo,#F40000,3540,Nazária/PI,0.0
Desastres geo-hidrológicos,60008,Gestão de risco de desastre,2015,,Presente,verylow,Muito baixo,#F40000,2754,Nazário/GO,0.0
Desastres geo-hidrológicos,60008,Gestão de risco de desastre,2015,,Presente,verylow,Muito baixo,#F40000,1268,Nepomuceno/MG,0.0
Desastres geo-hidrológicos,60008,Gestão de risco de desastre,2015,,Presente,verylow,Muito baixo,#F40000,2755,Nerópolis/GO,0.0
Desastres geo-hidrológicos,60008,Gestão de risco de desastre,2015,,Presente,verylow,Muito baixo,#F40000,2120,Neves Paulista/SP,0.0
Desastres geo-hidrológicos,60008,Gestão de risco de desastre,2015,,Presente,verylow,Muito baixo,#F40000,2121,Nhandeara/SP,0.0
Desastres geo-hidrológicos,60008,Gestão de risco de desastre,2015,,Presente,verylow,Muito baixo,#F40000,338,Nicolau Vergueiro/RS,0.0
Desastres geo-hidrológicos,60008,Gestão de risco de desastre,2015,,Presente,verylow,Muito baixo,#F40000,4753,Nilo Peçanha/BA,0.0
Desastres geo-hidrológicos,60008,Gestão de risco de desastre,2015,,Presente,verylow,Muito baixo,#F40000,1730,Nilópolis/RJ,0.0
Desastres geo-hidrológicos,60008,Gestão de risco de desastre,2015,,Presente,verylow,Muito baixo,#F40000,2122,Nipoã/SP,0.0
Desastres geo-hidrológicos,60008,Gestão de risco de desastre,2015,,Presente,verylow,Muito baixo,#F40000,5020,Niquelândia/GO,0.0
Desastres geo-hidrológicos,60008,Gestão de risco de desastre,2015,,Presente,verylow,Muito baixo,#F40000,4956,Nobres/MT,0.0
Desastres geo-hidrológicos,60008,Gestão de risco de desastre,2015,,Presente,verylow,Muito baixo,#F40000,339,Nonoai/RS,0.0
Desastres geo-hidrológicos,60008,Gestão de risco de desastre,2015,,Presente,verylow,Muito baixo,#F40000,4754,Nordestina/BA,0.0
Desastres geo-hidrológicos,60008,Gestão de risco de desastre,2015,,Presente,verylow,Muito baixo,#F40000,2852,Normandia/RR,0.0
Desastres geo-hidrológicos,60008,Gestão de risco de desastre,2015,,Presente,verylow,Muito baixo,#F40000,4957,Nortelândia/MT,0.0
Desastres geo-hidrológicos,60008,Gestão de risco de desastre,2015,,Presente,verylow,Muito baixo,#F40000,4531,Nossa Senhora Aparecida/SE,0.0
Desastres geo-hidrológicos,60008,Gestão de risco de desastre,2015,,Presente,verylow,Muito baixo,#F40000,4532,Nossa Senhora da Glória/SE,0.0
Desastres geo-hidrológicos,60008,Gestão de risco de desastre,2015,,Presente,verylow,Muito baixo,#F40000,4533,Nossa Senhora das Dores/SE,0.0
Desastres geo-hidrológicos,60008,Gestão de risco de desastre,2015,,Presente,verylow,Muito baixo,#F40000,4534,Nossa Senhora de Lourdes/SE,0.0
Desastres geo-hidrológicos,60008,Gestão de risco de desastre,2015,,Presente,verylow,Muito baixo,#F40000,3541,Nossa Senhora de Nazaré/PI,0.0
Desastres geo-hidrológicos,60008,Gestão de risco de desastre,2015,,Presente,verylow,Muito baixo,#F40000,629,Nossa Senhora do Livramento/MT,0.0
Desastres geo-hidrológicos,60008,Gestão de risco de desastre,2015,,Presente,verylow,Muito baixo,#F40000,2123,Nova Aliança/SP,0.0
Desastres geo-hidrológicos,60008,Gestão de risco de desastre,2015,,Presente,verylow,Muito baixo,#F40000,575,Nova Alvorada do Sul/MS,0.0
Desastres geo-hidrológicos,60008,Gestão de risco de desastre,2015,,Presente,verylow,Muito baixo,#F40000,340,Nova Alvorada/RS,0.0
Desastres geo-hidrológicos,60008,Gestão de risco de desastre,2015,,Presente,verylow,Muito baixo,#F40000,576,Nova Andradina/MS,0.0
Desastres geo-hidrológicos,60008,Gestão de risco de desastre,2015,,Presente,verylow,Muito baixo,#F40000,341,Nova Araçá/RS,0.0
Desastres geo-hidrológicos,60008,Gestão de risco de desastre,2015,,Presente,verylow,Muito baixo,#F40000,2757,Nova Aurora/GO,0.0
Desastres geo-hidrológicos,60008,Gestão de risco de desastre,2015,,Presente,verylow,Muito baixo,#F40000,5534,Nova Brasilândia D'Oeste/RO,0.0
Desastres geo-hidrológicos,60008,Gestão de risco de desastre,2015,,Presente,verylow,Muito baixo,#F40000,630,Nova Brasilândia/MT,0.0
Desastres geo-hidrológicos,60008,Gestão de risco de desastre,2015,,Presente,verylow,Muito baixo,#F40000,2124,Nova Campina/SP,0.0
Desastres geo-hidrológicos,60008,Gestão de risco de desastre,2015,,Presente,verylow,Muito baixo,#F40000,345,Nova Candelária/RS,0.0
Desastres geo-hidrológicos,60008,Gestão de risco de desastre,2015,,Presente,verylow,Muito baixo,#F40000,3311,Nova Colinas/MA,0.0
Desastres geo-hidrológicos,60008,Gestão de risco de desastre,2015,,Presente,verylow,Muito baixo,#F40000,5021,Nova Crixás/GO,0.0
Desastres geo-hidrológicos,60008,Gestão de risco de desastre,2015,,Presente,verylow,Muito baixo,#F40000,3902,Nova Cruz/RN,0.0
Desastres geo-hidrológicos,60008,Gestão de risco de desastre,2015,,Presente,verylow,Muito baixo,#F40000,82,Nova Erechim/SC,0.0
Desastres geo-hidrológicos,60008,Gestão de risco de desastre,2015,,Presente,verylow,Muito baixo,#F40000,5210,Nova Esperança do Sudoeste/PR,0.0
Desastres geo-hidrológicos,60008,Gestão de risco de desastre,2015,,Presente,verylow,Muito baixo,#F40000,2127,Nova Europa/SP,0.0
Desastres geo-hidrológicos,60008,Gestão de risco de desastre,2015,,Presente,verylow,Muito baixo,#F40000,4755,Nova Fátima/BA,0.0
Desastres geo-hidrológicos,60008,Gestão de risco de desastre,2015,,Presente,verylow,Muito baixo,#F40000,5375,Nova Fátima/PR,0.0
Desastres geo-hidrológicos,60008,Gestão de risco de desastre,2015,,Presente,verylow,Muito baixo,#F40000,4106,Nova Floresta/PB,0.0
Desastres geo-hidrológicos,60008,Gestão de risco de desastre,2015,,Presente,verylow,Muito baixo,#F40000,2128,Nova Granada/SP,0.0
Desastres geo-hidrológicos,60008,Gestão de risco de desastre,2015,,Presente,verylow,Muito baixo,#F40000,10,Nova Guataporanga/SP,0.0
Desastres geo-hidrológicos,60008,Gestão de risco de desastre,2015,,Presente,verylow,Muito baixo,#F40000,2606,Nova Hartz/RS,0.0
Desastres geo-hidrológicos,60008,Gestão de risco de desastre,2015,,Presente,verylow,Muito baixo,#F40000,4756,Nova Ibiá/BA,0.0
Desastres geo-hidrológicos,60008,Gestão de risco de desastre,2015,,Presente,verylow,Muito baixo,#F40000,3312,Nova Iorque/MA,0.0
Desastres geo-hidrológicos,60008,Gestão de risco de desastre,2015,,Presente,verylow,Muito baixo,#F40000,2129,Novais/SP,0.0
Desastres geo-hidrológicos,60008,Gestão de risco de desastre,2015,,Presente,verylow,Muito baixo,#F40000,4757,Nova Itarana/BA,0.0
Desastres geo-hidrológicos,60008,Gestão de risco de desastre,2015,,Presente,verylow,Muito baixo,#F40000,2130,Nova Luzitânia/SP,0.0
Desastres geo-hidrológicos,60008,Gestão de risco de desastre,2015,,Presente,verylow,Muito baixo,#F40000,5544,Nova Mamoré/RO,0.0
Desastres geo-hidrológicos,60008,Gestão de risco de desastre,2015,,Presente,verylow,Muito baixo,#F40000,4965,Nova Marilândia/MT,0.0
Desastres geo-hidrológicos,60008,Gestão de risco de desastre,2015,,Presente,verylow,Muito baixo,#F40000,2936,Nova Maringá/MT,0.0
Desastres geo-hidrológicos,60008,Gestão de risco de desastre,2015,,Presente,verylow,Muito baixo,#F40000,1273,Nova Módica/MG,0.0
Desastres geo-hidrológicos,60008,Gestão de risco de desastre,2015,,Presente,verylow,Muito baixo,#F40000,2937,Nova Monte Verde/MT,0.0
Desastres geo-hidrológicos,60008,Gestão de risco de desastre,2015,,Presente,verylow,Muito baixo,#F40000,2914,Nova Mutum/MT,0.0
Desastres geo-hidrológicos,60008,Gestão de risco de desastre,2015,,Presente,verylow,Muito baixo,#F40000,4958,Nova Nazaré/MT,0.0
Desastres geo-hidrológicos,60008,Gestão de risco de desastre,2015,,Presente,verylow,Muito baixo,#F40000,3749,Nova Olinda/CE,0.0
Desastres geo-hidrológicos,60008,Gestão de risco de desastre,2015,,Presente,verylow,Muito baixo,#F40000,3313,Nova Olinda do Maranhão/MA,0.0
Desastres geo-hidrológicos,60008,Gestão de risco de desastre,2015,,Presente,verylow,Muito baixo,#F40000,4107,Nova Olinda/PB,0.0
Desastres geo-hidrológicos,60008,Gestão de risco de desastre,2015,,Presente,verylow,Muito baixo,#F40000,2607,Nova Pádua/RS,0.0
Desastres geo-hidrológicos,60008,Gestão de risco de desastre,2015,,Presente,verylow,Muito baixo,#F40000,4108,Nova Palmeira/PB,0.0
Desastres geo-hidrológicos,60008,Gestão de risco de desastre,2015,,Presente,verylow,Muito baixo,#F40000,1274,Nova Ponte/MG,0.0
Desastres geo-hidrológicos,60008,Gestão de risco de desastre,2015,,Presente,verylow,Muito baixo,#F40000,1275,Nova Porteirinha/MG,0.0
Desastres geo-hidrológicos,60008,Gestão de risco de desastre,2015,,Presente,verylow,Muito baixo,#F40000,349,Nova Ramada/RS,0.0
Desastres geo-hidrológicos,60008,Gestão de risco de desastre,2015,,Presente,verylow,Muito baixo,#F40000,4758,Nova Redenção/BA,0.0
Desastres geo-hidrológicos,60008,Gestão de risco de desastre,2015,,Presente,verylow,Muito baixo,#F40000,4938,Nova Roma do Sul/RS,0.0
Desastres geo-hidrológicos,60008,Gestão de risco de desastre,2015,,Presente,verylow,Muito baixo,#F40000,4887,Nova Roma/GO,0.0
Desastres geo-hidrológicos,60008,Gestão de risco de desastre,2015,,Presente,verylow,Muito baixo,#F40000,3131,Nova Rosalândia/TO,0.0
Desastres geo-hidrológicos,60008,Gestão de risco de desastre,2015,,Presente,verylow,Muito baixo,#F40000,3562,Nova Santa Rita/PI,0.0
Desastres geo-hidrológicos,60008,Gestão de risco de desastre,2015,,Presente,verylow,Muito baixo,#F40000,2609,Nova Santa Rita/RS,0.0
Desastres geo-hidrológicos,60008,Gestão de risco de desastre,2015,,Presente,verylow,Muito baixo,#F40000,4759,Nova Soure/BA,0.0
Desastres geo-hidrológicos,60008,Gestão de risco de desastre,2015,,Presente,verylow,Muito baixo,#F40000,2997,Nova Timboteua/PA,0.0
Desastres geo-hidrológicos,60008,Gestão de risco de desastre,2015,,Presente,verylow,Muito baixo,#F40000,2915,Nova Ubiratã/MT,0.0
Desastres geo-hidrológicos,60008,Gestão de risco de desastre,2015,,Presente,verylow,Muito baixo,#F40000,4960,Nova Xavantina/MT,0.0
Desastres geo-hidrológicos,60008,Gestão de risco de desastre,2015,,Presente,verylow,Muito baixo,#F40000,3132,Novo Acordo/TO,0.0
Desastres geo-hidrológicos,60008,Gestão de risco de desastre,2015,,Presente,verylow,Muito baixo,#F40000,5502,Novo Airão/AM,0.0
Desastres geo-hidrológicos,60008,Gestão de risco de desastre,2015,,Presente,verylow,Muito baixo,#F40000,3133,Novo Alegre/TO,0.0
Desastres geo-hidrológicos,60008,Gestão de risco de desastre,2015,,Presente,verylow,Muito baixo,#F40000,350,Novo Cabrais/RS,0.0
Desastres geo-hidrológicos,60008,Gestão de risco de desastre,2015,,Presente,verylow,Muito baixo,#F40000,2917,Novo Horizonte do Norte/MT,0.0
Desastres geo-hidrológicos,60008,Gestão de risco de desastre,2015,,Presente,verylow,Muito baixo,#F40000,5549,Novo Horizonte do Oeste/RO,0.0
Desastres geo-hidrológicos,60008,Gestão de risco de desastre,2015,,Presente,verylow,Muito baixo,#F40000,577,Novo Horizonte do Sul/MS,0.0
Desastres geo-hidrológicos,60008,Gestão de risco de desastre,2015,,Presente,verylow,Muito baixo,#F40000,3134,Novo Jardim/TO,0.0
Desastres geo-hidrológicos,60008,Gestão de risco de desastre,2015,,Presente,verylow,Muito baixo,#F40000,4446,Novo Lino/AL,0.0
Desastres geo-hidrológicos,60008,Gestão de risco de desastre,2015,,Presente,verylow,Muito baixo,#F40000,351,Novo Machado/RS,0.0
Desastres geo-hidrológicos,60008,Gestão de risco de desastre,2015,,Presente,verylow,Muito baixo,#F40000,3751,Novo Oriente/CE,0.0
Desastres geo-hidrológicos,60008,Gestão de risco de desastre,2015,,Presente,verylow,Muito baixo,#F40000,1279,Novo Oriente de Minas/MG,0.0
Desastres geo-hidrológicos,60008,Gestão de risco de desastre,2015,,Presente,verylow,Muito baixo,#F40000,3543,Novo Oriente do Piauí/PI,0.0
Desastres geo-hidrológicos,60008,Gestão de risco de desastre,2015,,Presente,verylow,Muito baixo,#F40000,4888,Novo Planalto/GO,0.0
Desastres geo-hidrológicos,60008,Gestão de risco de desastre,2015,,Presente,verylow,Muito baixo,#F40000,1280,Novorizonte/MG,0.0
Desastres geo-hidrológicos,60008,Gestão de risco de desastre,2015,,Presente,verylow,Muito baixo,#F40000,3544,Novo Santo Antônio/PI,0.0
Desastres geo-hidrológicos,60008,Gestão de risco de desastre,2015,,Presente,verylow,Muito baixo,#F40000,632,Novo São Joaquim/MT,0.0
Desastres geo-hidrológicos,60008,Gestão de risco de desastre,2015,,Presente,verylow,Muito baixo,#F40000,4761,Novo Triunfo/BA,0.0
Desastres geo-hidrológicos,60008,Gestão de risco de desastre,2015,,Presente,verylow,Muito baixo,#F40000,353,Novo Xingu/RS,0.0
Desastres geo-hidrológicos,60008,Gestão de risco de desastre,2015,,Presente,verylow,Muito baixo,#F40000,2134,Ocauçu/SP,0.0
Desastres geo-hidrológicos,60008,Gestão de risco de desastre,2015,,Presente,verylow,Muito baixo,#F40000,2999,Oeiras do Pará/PA,0.0
Desastres geo-hidrológicos,60008,Gestão de risco de desastre,2015,,Presente,verylow,Muito baixo,#F40000,3545,Oeiras/PI,0.0
Desastres geo-hidrológicos,60008,Gestão de risco de desastre,2015,,Presente,verylow,Muito baixo,#F40000,1281,Olaria/MG,0.0
Desastres geo-hidrológicos,60008,Gestão de risco de desastre,2015,,Presente,verylow,Muito baixo,#F40000,2135,Óleo/SP,0.0
Desastres geo-hidrológicos,60008,Gestão de risco de desastre,2015,,Presente,verylow,Muito baixo,#F40000,3314,Olho d'Água das Cunhãs/MA,0.0
Desastres geo-hidrológicos,60008,Gestão de risco de desastre,2015,,Presente,verylow,Muito baixo,#F40000,3903,Olho d'Água do Borges/RN,0.0
Desastres geo-hidrológicos,60008,Gestão de risco de desastre,2015,,Presente,verylow,Muito baixo,#F40000,3546,Olho D'Água do Piauí/PI,0.0
Desastres geo-hidrológicos,60008,Gestão de risco de desastre,2015,,Presente,verylow,Muito baixo,#F40000,4449,Olho d'Água Grande/AL,0.0
Desastres geo-hidrológicos,60008,Gestão de risco de desastre,2015,,Presente,verylow,Muito baixo,#F40000,4109,Olho d'Água/PB,0.0
Desastres geo-hidrológicos,60008,Gestão de risco de desastre,2015,,Presente,verylow,Muito baixo,#F40000,1282,Olhos-d'Água/MG,0.0
Desastres geo-hidrológicos,60008,Gestão de risco de desastre,2015,,Presente,verylow,Muito baixo,#F40000,2136,Olímpia/SP,0.0
Desastres geo-hidrológicos,60008,Gestão de risco de desastre,2015,,Presente,verylow,Muito baixo,#F40000,1283,Olímpio Noronha/MG,0.0
Desastres geo-hidrológicos,60008,Gestão de risco de desastre,2015,,Presente,verylow,Muito baixo,#F40000,3315,Olinda Nova do Maranhão/MA,0.0
Desastres geo-hidrológicos,60008,Gestão de risco de desastre,2015,,Presente,verylow,Muito baixo,#F40000,4762,Olindina/BA,0.0
Desastres geo-hidrológicos,60008,Gestão de risco de desastre,2015,,Presente,verylow,Muito baixo,#F40000,4110,Olivedos/PB,0.0
Desastres geo-hidrológicos,60008,Gestão de risco de desastre,2015,,Presente,verylow,Muito baixo,#F40000,3135,Oliveira de Fátima/TO,0.0
Desastres geo-hidrológicos,60008,Gestão de risco de desastre,2015,,Presente,verylow,Muito baixo,#F40000,4763,Oliveira dos Brejinhos/BA,0.0
Desastres geo-hidrológicos,60008,Gestão de risco de desastre,2015,,Presente,verylow,Muito baixo,#F40000,1285,Oliveira Fortes/MG,0.0
Desastres geo-hidrológicos,60008,Gestão de risco de desastre,2015,,Presente,verylow,Muito baixo,#F40000,1284,Oliveira/MG,0.0
Desastres geo-hidrológicos,60008,Gestão de risco de desastre,2015,,Presente,verylow,Muito baixo,#F40000,4450,Olivença/AL,0.0
Desastres geo-hidrológicos,60008,Gestão de risco de desastre,2015,,Presente,verylow,Muito baixo,#F40000,1286,Onça de Pitangui/MG,0.0
Desastres geo-hidrológicos,60008,Gestão de risco de desastre,2015,,Presente,verylow,Muito baixo,#F40000,2137,Onda Verde/SP,0.0
Desastres geo-hidrológicos,60008,Gestão de risco de desastre,2015,,Presente,verylow,Muito baixo,#F40000,1287,Oratórios/MG,0.0
Desastres geo-hidrológicos,60008,Gestão de risco de desastre,2015,,Presente,verylow,Muito baixo,#F40000,2138,Oriente/SP,0.0
Desastres geo-hidrológicos,60008,Gestão de risco de desastre,2015,,Presente,verylow,Muito baixo,#F40000,1288,Orizânia/MG,0.0
Desastres geo-hidrológicos,60008,Gestão de risco de desastre,2015,,Presente,verylow,Muito baixo,#F40000,2762,Orizona/GO,0.0
Desastres geo-hidrológicos,60008,Gestão de risco de desastre,2015,,Presente,verylow,Muito baixo,#F40000,2140,Orlândia/SP,0.0
Desastres geo-hidrológicos,60008,Gestão de risco de desastre,2015,,Presente,verylow,Muito baixo,#F40000,2487,Orleans/SC,0.0
Desastres geo-hidrológicos,60008,Gestão de risco de desastre,2015,,Presente,verylow,Muito baixo,#F40000,3753,Orós/CE,0.0
Desastres geo-hidrológicos,60008,Gestão de risco de desastre,2015,,Presente,verylow,Muito baixo,#F40000,5377,Ortigueira/PR,0.0
Desastres geo-hidrológicos,60008,Gestão de risco de desastre,2015,,Presente,verylow,Muito baixo,#F40000,2142,Oscar Bressane/SP,0.0
Desastres geo-hidrológicos,60008,Gestão de risco de desastre,2015,,Presente,verylow,Muito baixo,#F40000,2488,Otacílio Costa/SC,0.0
Desastres geo-hidrológicos,60008,Gestão de risco de desastre,2015,,Presente,verylow,Muito baixo,#F40000,4764,Ouriçangas/BA,0.0
Desastres geo-hidrológicos,60008,Gestão de risco de desastre,2015,,Presente,verylow,Muito baixo,#F40000,4315,Ouricuri/PE,0.0
Desastres geo-hidrológicos,60008,Gestão de risco de desastre,2015,,Presente,verylow,Muito baixo,#F40000,5218,Ourizona/PR,0.0
Desastres geo-hidrológicos,60008,Gestão de risco de desastre,2015,,Presente,verylow,Muito baixo,#F40000,3904,Ouro Branco/RN,0.0
Desastres geo-hidrológicos,60008,Gestão de risco de desastre,2015,,Presente,verylow,Muito baixo,#F40000,4111,Ouro Velho/PB,0.0
Desastres geo-hidrológicos,60008,Gestão de risco de desastre,2015,,Presente,verylow,Muito baixo,#F40000,2763,Ouro Verde de Goiás/GO,0.0
Desastres geo-hidrológicos,60008,Gestão de risco de desastre,2015,,Presente,verylow,Muito baixo,#F40000,1292,Ouro Verde de Minas/MG,0.0
Desastres geo-hidrológicos,60008,Gestão de risco de desastre,2015,,Presente,verylow,Muito baixo,#F40000,86,Ouro Verde/SC,0.0
Desastres geo-hidrológicos,60008,Gestão de risco de desastre,2015,,Presente,verylow,Muito baixo,#F40000,2764,Ouvidor/GO,0.0
Desastres geo-hidrológicos,60008,Gestão de risco de desastre,2015,,Presente,verylow,Muito baixo,#F40000,3754,Pacajus/CE,0.0
Desastres geo-hidrológicos,60008,Gestão de risco de desastre,2015,,Presente,verylow,Muito baixo,#F40000,2853,Pacaraima/RR,0.0
Desastres geo-hidrológicos,60008,Gestão de risco de desastre,2015,,Presente,verylow,Muito baixo,#F40000,4536,Pacatuba/SE,0.0
Desastres geo-hidrológicos,60008,Gestão de risco de desastre,2015,,Presente,verylow,Muito baixo,#F40000,2765,Padre Bernardo/GO,0.0
Desastres geo-hidrológicos,60008,Gestão de risco de desastre,2015,,Presente,verylow,Muito baixo,#F40000,3548,Paes Landim/PI,0.0
Desastres geo-hidrológicos,60008,Gestão de risco de desastre,2015,,Presente,verylow,Muito baixo,#F40000,1295,Paineiras/MG,0.0
Desastres geo-hidrológicos,60008,Gestão de risco de desastre,2015,,Presente,verylow,Muito baixo,#F40000,2489,Painel/SC,0.0
Desastres geo-hidrológicos,60008,Gestão de risco de desastre,2015,,Presente,verylow,Muito baixo,#F40000,1296,Pains/MG,0.0
Desastres geo-hidrológicos,60008,Gestão de risco de desastre,2015,,Presente,verylow,Muito baixo,#F40000,1297,Pai Pedro/MG,0.0
Desastres geo-hidrológicos,60008,Gestão de risco de desastre,2015,,Presente,verylow,Muito baixo,#F40000,3549,Pajeú do Piauí/PI,0.0
Desastres geo-hidrológicos,60008,Gestão de risco de desastre,2015,,Presente,verylow,Muito baixo,#F40000,4452,Palestina/AL,0.0
Desastres geo-hidrológicos,60008,Gestão de risco de desastre,2015,,Presente,verylow,Muito baixo,#F40000,4979,Palestina de Goiás/GO,0.0
Desastres geo-hidrológicos,60008,Gestão de risco de desastre,2015,,Presente,verylow,Muito baixo,#F40000,3002,Palestina do Pará/PA,0.0
Desastres geo-hidrológicos,60008,Gestão de risco de desastre,2015,,Presente,verylow,Muito baixo,#F40000,2147,Palestina/SP,0.0
Desastres geo-hidrológicos,60008,Gestão de risco de desastre,2015,,Presente,verylow,Muito baixo,#F40000,3758,Palhano/CE,0.0
Desastres geo-hidrológicos,60008,Gestão de risco de desastre,2015,,Presente,verylow,Muito baixo,#F40000,1299,Palma/MG,0.0
Desastres geo-hidrológicos,60008,Gestão de risco de desastre,2015,,Presente,verylow,Muito baixo,#F40000,2612,Palmares do Sul/RS,0.0
Desastres geo-hidrológicos,60008,Gestão de risco de desastre,2015,,Presente,verylow,Muito baixo,#F40000,2148,Palmares Paulista/SP,0.0
Desastres geo-hidrológicos,60008,Gestão de risco de desastre,2015,,Presente,verylow,Muito baixo,#F40000,5005,Palmas de Monte Alto/BA,0.0
Desastres geo-hidrológicos,60008,Gestão de risco de desastre,2015,,Presente,verylow,Muito baixo,#F40000,3550,Palmeira do Piauí/PI,0.0
Desastres geo-hidrológicos,60008,Gestão de risco de desastre,2015,,Presente,verylow,Muito baixo,#F40000,3317,Palmeirândia/MA,0.0
Desastres geo-hidrológicos,60008,Gestão de risco de desastre,2015,,Presente,verylow,Muito baixo,#F40000,3136,Palmeirante/TO,0.0
Desastres geo-hidrológicos,60008,Gestão de risco de desastre,2015,,Presente,verylow,Muito baixo,#F40000,4766,Palmeiras/BA,0.0
Desastres geo-hidrológicos,60008,Gestão de risco de desastre,2015,,Presente,verylow,Muito baixo,#F40000,2491,Palmeira/SC,0.0
Desastres geo-hidrológicos,60008,Gestão de risco de desastre,2015,,Presente,verylow,Muito baixo,#F40000,2766,Palmeiras de Goiás/GO,0.0
Desastres geo-hidrológicos,60008,Gestão de risco de desastre,2015,,Presente,verylow,Muito baixo,#F40000,3126,Palmeiras do Tocantins/TO,0.0
Desastres geo-hidrológicos,60008,Gestão de risco de desastre,2015,,Presente,verylow,Muito baixo,#F40000,4317,Palmeirina/PE,0.0
Desastres geo-hidrológicos,60008,Gestão de risco de desastre,2015,,Presente,verylow,Muito baixo,#F40000,3137,Palmeirópolis/TO,0.0
Desastres geo-hidrológicos,60008,Gestão de risco de desastre,2015,,Presente,verylow,Muito baixo,#F40000,2767,Palmelo/GO,0.0
Desastres geo-hidrológicos,60008,Gestão de risco de desastre,2015,,Presente,verylow,Muito baixo,#F40000,2768,Palminópolis/GO,0.0
Desastres geo-hidrológicos,60008,Gestão de risco de desastre,2015,,Presente,verylow,Muito baixo,#F40000,2769,Panamá/GO,0.0
Desastres geo-hidrológicos,60008,Gestão de risco de desastre,2015,,Presente,verylow,Muito baixo,#F40000,12,Panorama/SP,0.0
Desastres geo-hidrológicos,60008,Gestão de risco de desastre,2015,,Presente,verylow,Muito baixo,#F40000,1301,Papagaios/MG,0.0
Desastres geo-hidrológicos,60008,Gestão de risco de desastre,2015,,Presente,verylow,Muito baixo,#F40000,2492,Papanduva/SC,0.0
Desastres geo-hidrológicos,60008,Gestão de risco de desastre,2015,,Presente,verylow,Muito baixo,#F40000,3552,Paquetá/PI,0.0
Desastres geo-hidrológicos,60008,Gestão de risco de desastre,2015,,Presente,verylow,Muito baixo,#F40000,1302,Paracatu/MG,0.0
Desastres geo-hidrológicos,60008,Gestão de risco de desastre,2015,,Presente,verylow,Muito baixo,#F40000,3760,Paracuru/CE,0.0
Desastres geo-hidrológicos,60008,Gestão de risco de desastre,2015,,Presente,verylow,Muito baixo,#F40000,3318,Paraibano/MA,0.0
Desastres geo-hidrológicos,60008,Gestão de risco de desastre,2015,,Presente,verylow,Muito baixo,#F40000,2152,Paraibuna/SP,0.0
Desastres geo-hidrológicos,60008,Gestão de risco de desastre,2015,,Presente,verylow,Muito baixo,#F40000,360,Paraí/RS,0.0
Desastres geo-hidrológicos,60008,Gestão de risco de desastre,2015,,Presente,verylow,Muito baixo,#F40000,578,Paraíso das Águas/MS,0.0
Desastres geo-hidrológicos,60008,Gestão de risco de desastre,2015,,Presente,verylow,Muito baixo,#F40000,361,Paraíso do Sul/RS,0.0
Desastres geo-hidrológicos,60008,Gestão de risco de desastre,2015,,Presente,verylow,Muito baixo,#F40000,3763,Paramoti/CE,0.0
Desastres geo-hidrológicos,60008,Gestão de risco de desastre,2015,,Presente,verylow,Muito baixo,#F40000,2770,Paranaiguara/GO,0.0
Desastres geo-hidrológicos,60008,Gestão de risco de desastre,2015,,Presente,verylow,Muito baixo,#F40000,2155,Paranapuã/SP,0.0
Desastres geo-hidrológicos,60008,Gestão de risco de desastre,2015,,Presente,verylow,Muito baixo,#F40000,4961,Paranatinga/MT,0.0
Desastres geo-hidrológicos,60008,Gestão de risco de desastre,2015,,Presente,verylow,Muito baixo,#F40000,579,Paranhos/MS,0.0
Desastres geo-hidrológicos,60008,Gestão de risco de desastre,2015,,Presente,verylow,Muito baixo,#F40000,4112,Parari/PB,0.0
Desastres geo-hidrológicos,60008,Gestão de risco de desastre,2015,,Presente,verylow,Muito baixo,#F40000,2771,Paraúna/GO,0.0
Desastres geo-hidrológicos,60008,Gestão de risco de desastre,2015,,Presente,verylow,Muito baixo,#F40000,3907,Parazinho/RN,0.0
Desastres geo-hidrológicos,60008,Gestão de risco de desastre,2015,,Presente,verylow,Muito baixo,#F40000,2157,Pardinho/SP,0.0
Desastres geo-hidrológicos,60008,Gestão de risco de desastre,2015,,Presente,verylow,Muito baixo,#F40000,5562,Parecis/RO,0.0
Desastres geo-hidrológicos,60008,Gestão de risco de desastre,2015,,Presente,verylow,Muito baixo,#F40000,3908,Parelhas/RN,0.0
Desastres geo-hidrológicos,60008,Gestão de risco de desastre,2015,,Presente,verylow,Muito baixo,#F40000,4455,Pariconha/AL,0.0
Desastres geo-hidrológicos,60008,Gestão de risco de desastre,2015,,Presente,verylow,Muito baixo,#F40000,4769,Paripiranga/BA,0.0
Desastres geo-hidrológicos,60008,Gestão de risco de desastre,2015,,Presente,verylow,Muito baixo,#F40000,2159,Parisi/SP,0.0
Desastres geo-hidrológicos,60008,Gestão de risco de desastre,2015,,Presente,verylow,Muito baixo,#F40000,3553,Parnaguá/PI,0.0
Desastres geo-hidrológicos,60008,Gestão de risco de desastre,2015,,Presente,verylow,Muito baixo,#F40000,3319,Parnarama/MA,0.0
Desastres geo-hidrológicos,60008,Gestão de risco de desastre,2015,,Presente,verylow,Muito baixo,#F40000,1307,Passabém/MG,0.0
Desastres geo-hidrológicos,60008,Gestão de risco de desastre,2015,,Presente,verylow,Muito baixo,#F40000,3555,Passagem Franca do Piauí/PI,0.0
Desastres geo-hidrológicos,60008,Gestão de risco de desastre,2015,,Presente,verylow,Muito baixo,#F40000,3320,Passagem Franca/MA,0.0
Desastres geo-hidrológicos,60008,Gestão de risco de desastre,2015,,Presente,verylow,Muito baixo,#F40000,1308,Passa Quatro/MG,0.0
Desastres geo-hidrológicos,60008,Gestão de risco de desastre,2015,,Presente,verylow,Muito baixo,#F40000,362,Passa Sete/RS,0.0
Desastres geo-hidrológicos,60008,Gestão de risco de desastre,2015,,Presente,verylow,Muito baixo,#F40000,4321,Passira/PE,0.0
Desastres geo-hidrológicos,60008,Gestão de risco de desastre,2015,,Presente,verylow,Muito baixo,#F40000,4457,Passo de Camaragibe/AL,0.0
Desastres geo-hidrológicos,60008,Gestão de risco de desastre,2015,,Presente,verylow,Muito baixo,#F40000,2493,Passo de Torres/SC,0.0
Desastres geo-hidrológicos,60008,Gestão de risco de desastre,2015,,Presente,verylow,Muito baixo,#F40000,363,Passo do Sobrado/RS,0.0
Desastres geo-hidrológicos,60008,Gestão de risco de desastre,2015,,Presente,verylow,Muito baixo,#F40000,364,Passo Fundo/RS,0.0
Desastres geo-hidrológicos,60008,Gestão de risco de desastre,2015,,Presente,verylow,Muito baixo,#F40000,3321,Pastos Bons/MA,0.0
Desastres geo-hidrológicos,60008,Gestão de risco de desastre,2015,,Presente,verylow,Muito baixo,#F40000,1312,Patis/MG,0.0
Desastres geo-hidrológicos,60008,Gestão de risco de desastre,2015,,Presente,verylow,Muito baixo,#F40000,1313,Patos de Minas/MG,0.0
Desastres geo-hidrológicos,60008,Gestão de risco de desastre,2015,,Presente,verylow,Muito baixo,#F40000,3556,Patos do Piauí/PI,0.0
Desastres geo-hidrológicos,60008,Gestão de risco de desastre,2015,,Presente,verylow,Muito baixo,#F40000,2160,Patrocínio Paulista/SP,0.0
Desastres geo-hidrológicos,60008,Gestão de risco de desastre,2015,,Presente,verylow,Muito baixo,#F40000,4322,Paudalho/PE,0.0
Desastres geo-hidrológicos,60008,Gestão de risco de desastre,2015,,Presente,verylow,Muito baixo,#F40000,3557,Pau D'Arco do Piauí/PI,0.0
Desastres geo-hidrológicos,60008,Gestão de risco de desastre,2015,,Presente,verylow,Muito baixo,#F40000,3140,Pau D'Arco/TO,0.0
Desastres geo-hidrológicos,60008,Gestão de risco de desastre,2015,,Presente,verylow,Muito baixo,#F40000,3914,Pau dos Ferros/RN,0.0
Desastres geo-hidrológicos,60008,Gestão de risco de desastre,2015,,Presente,verylow,Muito baixo,#F40000,1316,Paula Cândido/MG,0.0
Desastres geo-hidrológicos,60008,Gestão de risco de desastre,2015,,Presente,verylow,Muito baixo,#F40000,3322,Paulino Neves/MA,0.0
Desastres geo-hidrológicos,60008,Gestão de risco de desastre,2015,,Presente,verylow,Muito baixo,#F40000,3558,Paulistana/PI,0.0
Desastres geo-hidrológicos,60008,Gestão de risco de desastre,2015,,Presente,verylow,Muito baixo,#F40000,4115,Paulista/PB,0.0
Desastres geo-hidrológicos,60008,Gestão de risco de desastre,2015,,Presente,verylow,Muito baixo,#F40000,4770,Paulo Afonso/BA,0.0
Desastres geo-hidrológicos,60008,Gestão de risco de desastre,2015,,Presente,verylow,Muito baixo,#F40000,365,Paulo Bento/RS,0.0
Desastres geo-hidrológicos,60008,Gestão de risco de desastre,2015,,Presente,verylow,Muito baixo,#F40000,5381,Paulo Frontin/PR,0.0
Desastres geo-hidrológicos,60008,Gestão de risco de desastre,2015,,Presente,verylow,Muito baixo,#F40000,3323,Paulo Ramos/MA,0.0
Desastres geo-hidrológicos,60008,Gestão de risco de desastre,2015,,Presente,verylow,Muito baixo,#F40000,1318,Pavão/MG,0.0
Desastres geo-hidrológicos,60008,Gestão de risco de desastre,2015,,Presente,verylow,Muito baixo,#F40000,366,Paverama/RS,0.0
Desastres geo-hidrológicos,60008,Gestão de risco de desastre,2015,,Presente,verylow,Muito baixo,#F40000,1319,Peçanha/MG,0.0
Desastres geo-hidrológicos,60008,Gestão de risco de desastre,2015,,Presente,verylow,Muito baixo,#F40000,2164,Pederneiras/SP,0.0
Desastres geo-hidrológicos,60008,Gestão de risco de desastre,2015,,Presente,verylow,Muito baixo,#F40000,4771,Pé de Serra/BA,0.0
Desastres geo-hidrológicos,60008,Gestão de risco de desastre,2015,,Presente,verylow,Muito baixo,#F40000,1321,Pedra Bonita/MG,0.0
Desastres geo-hidrológicos,60008,Gestão de risco de desastre,2015,,Presente,verylow,Muito baixo,#F40000,4116,Pedra Branca/PB,0.0
Desastres geo-hidrológicos,60008,Gestão de risco de desastre,2015,,Presente,verylow,Muito baixo,#F40000,1323,Pedra do Indaiá/MG,0.0
Desastres geo-hidrológicos,60008,Gestão de risco de desastre,2015,,Presente,verylow,Muito baixo,#F40000,1324,Pedra Dourada/MG,0.0
Desastres geo-hidrológicos,60008,Gestão de risco de desastre,2015,,Presente,verylow,Muito baixo,#F40000,4117,Pedra Lavrada/PB,0.0
Desastres geo-hidrológicos,60008,Gestão de risco de desastre,2015,,Presente,verylow,Muito baixo,#F40000,2166,Pedranópolis/SP,0.0
Desastres geo-hidrológicos,60008,Gestão de risco de desastre,2015,,Presente,verylow,Muito baixo,#F40000,4772,Pedrão/BA,0.0
Desastres geo-hidrológicos,60008,Gestão de risco de desastre,2015,,Presente,verylow,Muito baixo,#F40000,4324,Pedra/PE,0.0
Desastres geo-hidrológicos,60008,Gestão de risco de desastre,2015,,Presente,verylow,Muito baixo,#F40000,367,Pedras Altas/RS,0.0
Desastres geo-hidrológicos,60008,Gestão de risco de desastre,2015,,Presente,verylow,Muito baixo,#F40000,4118,Pedras de Fogo/PB,0.0
Desastres geo-hidrológicos,60008,Gestão de risco de desastre,2015,,Presente,verylow,Muito baixo,#F40000,1326,Pedras de Maria da Cruz/MG,0.0
Desastres geo-hidrológicos,60008,Gestão de risco de desastre,2015,,Presente,verylow,Muito baixo,#F40000,2495,Pedras Grandes/SC,0.0
Desastres geo-hidrológicos,60008,Gestão de risco de desastre,2015,,Presente,verylow,Muito baixo,#F40000,2167,Pedregulho/SP,0.0
Desastres geo-hidrológicos,60008,Gestão de risco de desastre,2015,,Presente,verylow,Muito baixo,#F40000,4538,Pedrinhas/SE,0.0
Desastres geo-hidrológicos,60008,Gestão de risco de desastre,2015,,Presente,verylow,Muito baixo,#F40000,1327,Pedrinópolis/MG,0.0
Desastres geo-hidrológicos,60008,Gestão de risco de desastre,2015,,Presente,verylow,Muito baixo,#F40000,3141,Pedro Afonso/TO,0.0
Desastres geo-hidrológicos,60008,Gestão de risco de desastre,2015,,Presente,verylow,Muito baixo,#F40000,4773,Pedro Alexandre/BA,0.0
Desastres geo-hidrológicos,60008,Gestão de risco de desastre,2015,,Presente,verylow,Muito baixo,#F40000,3917,Pedro Avelino/RN,0.0
Desastres geo-hidrológicos,60008,Gestão de risco de desastre,2015,,Presente,verylow,Muito baixo,#F40000,3325,Pedro do Rosário/MA,0.0
Desastres geo-hidrológicos,60008,Gestão de risco de desastre,2015,,Presente,verylow,Muito baixo,#F40000,580,Pedro Gomes/MS,0.0
Desastres geo-hidrológicos,60008,Gestão de risco de desastre,2015,,Presente,verylow,Muito baixo,#F40000,3560,Pedro II/PI,0.0
Desastres geo-hidrológicos,60008,Gestão de risco de desastre,2015,,Presente,verylow,Muito baixo,#F40000,4136,Pedro Régis/PB,0.0
Desastres geo-hidrológicos,60008,Gestão de risco de desastre,2015,,Presente,verylow,Muito baixo,#F40000,1329,Pedro Teixeira/MG,0.0
Desastres geo-hidrológicos,60008,Gestão de risco de desastre,2015,,Presente,verylow,Muito baixo,#F40000,3142,Peixe/TO,0.0
Desastres geo-hidrológicos,60008,Gestão de risco de desastre,2015,,Presente,verylow,Muito baixo,#F40000,369,Pejuçara/RS,0.0
Desastres geo-hidrológicos,60008,Gestão de risco de desastre,2015,,Presente,verylow,Muito baixo,#F40000,3765,Penaforte/CE,0.0
Desastres geo-hidrológicos,60008,Gestão de risco de desastre,2015,,Presente,verylow,Muito baixo,#F40000,4459,Penedo/AL,0.0
Desastres geo-hidrológicos,60008,Gestão de risco de desastre,2015,,Presente,verylow,Muito baixo,#F40000,3766,Pentecoste/CE,0.0
Desastres geo-hidrológicos,60008,Gestão de risco de desastre,2015,,Presente,verylow,Muito baixo,#F40000,1330,Pequeri/MG,0.0
Desastres geo-hidrológicos,60008,Gestão de risco de desastre,2015,,Presente,verylow,Muito baixo,#F40000,1331,Pequi/MG,0.0
Desastres geo-hidrológicos,60008,Gestão de risco de desastre,2015,,Presente,verylow,Muito baixo,#F40000,3143,Pequizeiro/TO,0.0
Desastres geo-hidrológicos,60008,Gestão de risco de desastre,2015,,Presente,verylow,Muito baixo,#F40000,1332,Perdigão/MG,0.0
Desastres geo-hidrológicos,60008,Gestão de risco de desastre,2015,,Presente,verylow,Muito baixo,#F40000,1333,Perdizes/MG,0.0
Desastres geo-hidrológicos,60008,Gestão de risco de desastre,2015,,Presente,verylow,Muito baixo,#F40000,3327,Peri Mirim/MA,0.0
Desastres geo-hidrológicos,60008,Gestão de risco de desastre,2015,,Presente,verylow,Muito baixo,#F40000,665,Perolândia/GO,0.0
Desastres geo-hidrológicos,60008,Gestão de risco de desastre,2015,,Presente,verylow,Muito baixo,#F40000,4326,Petrolândia/PE,0.0
Desastres geo-hidrológicos,60008,Gestão de risco de desastre,2015,,Presente,verylow,Muito baixo,#F40000,2772,Petrolina de Goiás/GO,0.0
Desastres geo-hidrológicos,60008,Gestão de risco de desastre,2015,,Presente,verylow,Muito baixo,#F40000,4460,Piaçabuçu/AL,0.0
Desastres geo-hidrológicos,60008,Gestão de risco de desastre,2015,,Presente,verylow,Muito baixo,#F40000,4774,Piatã/BA,0.0
Desastres geo-hidrológicos,60008,Gestão de risco de desastre,2015,,Presente,verylow,Muito baixo,#F40000,1337,Piau/MG,0.0
Desastres geo-hidrológicos,60008,Gestão de risco de desastre,2015,,Presente,verylow,Muito baixo,#F40000,2614,Picada Café/RS,0.0
Desastres geo-hidrológicos,60008,Gestão de risco de desastre,2015,,Presente,verylow,Muito baixo,#F40000,3007,Piçarra/PA,0.0
Desastres geo-hidrológicos,60008,Gestão de risco de desastre,2015,,Presente,verylow,Muito baixo,#F40000,3563,Picos/PI,0.0
Desastres geo-hidrológicos,60008,Gestão de risco de desastre,2015,,Presente,verylow,Muito baixo,#F40000,1338,Piedade de Caratinga/MG,0.0
Desastres geo-hidrológicos,60008,Gestão de risco de desastre,2015,,Presente,verylow,Muito baixo,#F40000,1339,Piedade de Ponte Nova/MG,0.0
Desastres geo-hidrológicos,60008,Gestão de risco de desastre,2015,,Presente,verylow,Muito baixo,#F40000,5382,Piên/PR,0.0
Desastres geo-hidrológicos,60008,Gestão de risco de desastre,2015,,Presente,verylow,Muito baixo,#F40000,4775,Pilão Arcado/BA,0.0
Desastres geo-hidrológicos,60008,Gestão de risco de desastre,2015,,Presente,verylow,Muito baixo,#F40000,5023,Pilar de Goiás/GO,0.0
Desastres geo-hidrológicos,60008,Gestão de risco de desastre,2015,,Presente,verylow,Muito baixo,#F40000,2177,Pilar do Sul/SP,0.0
Desastres geo-hidrológicos,60008,Gestão de risco de desastre,2015,,Presente,verylow,Muito baixo,#F40000,4121,Pilar/PB,0.0
Desastres geo-hidrológicos,60008,Gestão de risco de desastre,2015,,Presente,verylow,Muito baixo,#F40000,4122,Pilões/PB,0.0
Desastres geo-hidrológicos,60008,Gestão de risco de desastre,2015,,Presente,verylow,Muito baixo,#F40000,3920,Pilões/RN,0.0
Desastres geo-hidrológicos,60008,Gestão de risco de desastre,2015,,Presente,verylow,Muito baixo,#F40000,4123,Pilõezinhos/PB,0.0
Desastres geo-hidrológicos,60008,Gestão de risco de desastre,2015,,Presente,verylow,Muito baixo,#F40000,5536,Pimenta Bueno/RO,0.0
Desastres geo-hidrológicos,60008,Gestão de risco de desastre,2015,,Presente,verylow,Muito baixo,#F40000,1342,Pimenta/MG,0.0
Desastres geo-hidrológicos,60008,Gestão de risco de desastre,2015,,Presente,verylow,Muito baixo,#F40000,3564,Pimenteiras/PI,0.0
Desastres geo-hidrológicos,60008,Gestão de risco de desastre,2015,,Presente,verylow,Muito baixo,#F40000,733,Pindaí/BA,0.0
Desastres geo-hidrológicos,60008,Gestão de risco de desastre,2015,,Presente,verylow,Muito baixo,#F40000,4776,Pindobaçu/BA,0.0
Desastres geo-hidrológicos,60008,Gestão de risco de desastre,2015,,Presente,verylow,Muito baixo,#F40000,3145,Pindorama do Tocantins/TO,0.0
Desastres geo-hidrológicos,60008,Gestão de risco de desastre,2015,,Presente,verylow,Muito baixo,#F40000,3768,Pindoretama/CE,0.0
Desastres geo-hidrológicos,60008,Gestão de risco de desastre,2015,,Presente,verylow,Muito baixo,#F40000,5234,Pinhal de São Bento/PR,0.0
Desastres geo-hidrológicos,60008,Gestão de risco de desastre,2015,,Presente,verylow,Muito baixo,#F40000,372,Pinhal Grande/RS,0.0
Desastres geo-hidrológicos,60008,Gestão de risco de desastre,2015,,Presente,verylow,Muito baixo,#F40000,1739,Pinheiral/RJ,0.0
Desastres geo-hidrológicos,60008,Gestão de risco de desastre,2015,,Presente,verylow,Muito baixo,#F40000,373,Pinheirinho do Vale/RS,0.0
Desastres geo-hidrológicos,60008,Gestão de risco de desastre,2015,,Presente,verylow,Muito baixo,#F40000,3330,Pinheiro/MA,0.0
Desastres geo-hidrológicos,60008,Gestão de risco de desastre,2015,,Presente,verylow,Muito baixo,#F40000,374,Pinheiro Machado/RS,0.0
Desastres geo-hidrológicos,60008,Gestão de risco de desastre,2015,,Presente,verylow,Muito baixo,#F40000,4777,Pintadas/BA,0.0
Desastres geo-hidrológicos,60008,Gestão de risco de desastre,2015,,Presente,verylow,Muito baixo,#F40000,1344,Pintópolis/MG,0.0
Desastres geo-hidrológicos,60008,Gestão de risco de desastre,2015,,Presente,verylow,Muito baixo,#F40000,3331,Pio XII/MA,0.0
Desastres geo-hidrológicos,60008,Gestão de risco de desastre,2015,,Presente,verylow,Muito baixo,#F40000,14,Piquerobi/SP,0.0
Desastres geo-hidrológicos,60008,Gestão de risco de desastre,2015,,Presente,verylow,Muito baixo,#F40000,3769,Piquet Carneiro/CE,0.0
Desastres geo-hidrológicos,60008,Gestão de risco de desastre,2015,,Presente,verylow,Muito baixo,#F40000,2182,Piracaia/SP,0.0
Desastres geo-hidrológicos,60008,Gestão de risco de desastre,2015,,Presente,verylow,Muito baixo,#F40000,2773,Piracanjuba/GO,0.0
Desastres geo-hidrológicos,60008,Gestão de risco de desastre,2015,,Presente,verylow,Muito baixo,#F40000,1345,Piracema/MG,0.0
Desastres geo-hidrológicos,60008,Gestão de risco de desastre,2015,,Presente,verylow,Muito baixo,#F40000,4778,Piraí do Norte/BA,0.0
Desastres geo-hidrológicos,60008,Gestão de risco de desastre,2015,,Presente,verylow,Muito baixo,#F40000,1346,Pirajuba/MG,0.0
Desastres geo-hidrológicos,60008,Gestão de risco de desastre,2015,,Presente,verylow,Muito baixo,#F40000,2185,Pirajuí/SP,0.0
Desastres geo-hidrológicos,60008,Gestão de risco de desastre,2015,,Presente,verylow,Muito baixo,#F40000,2184,Piraju/SP,0.0
Desastres geo-hidrológicos,60008,Gestão de risco de desastre,2015,,Presente,verylow,Muito baixo,#F40000,4540,Pirambu/SE,0.0
Desastres geo-hidrológicos,60008,Gestão de risco de desastre,2015,,Presente,verylow,Muito baixo,#F40000,1348,Piranguçu/MG,0.0
Desastres geo-hidrológicos,60008,Gestão de risco de desastre,2015,,Presente,verylow,Muito baixo,#F40000,4463,Piranhas/AL,0.0
Desastres geo-hidrológicos,60008,Gestão de risco de desastre,2015,,Presente,verylow,Muito baixo,#F40000,2187,Pirapora do Bom Jesus/SP,0.0
Desastres geo-hidrológicos,60008,Gestão de risco de desastre,2015,,Presente,verylow,Muito baixo,#F40000,4907,Pirapozinho/SP,0.0
Desastres geo-hidrológicos,60008,Gestão de risco de desastre,2015,,Presente,verylow,Muito baixo,#F40000,2189,Piratininga/SP,0.0
Desastres geo-hidrológicos,60008,Gestão de risco de desastre,2015,,Presente,verylow,Muito baixo,#F40000,376,Piratini/RS,0.0
Desastres geo-hidrológicos,60008,Gestão de risco de desastre,2015,,Presente,verylow,Muito baixo,#F40000,2774,Pirenópolis/GO,0.0
Desastres geo-hidrológicos,60008,Gestão de risco de desastre,2015,,Presente,verylow,Muito baixo,#F40000,2775,Pires do Rio/GO,0.0
Desastres geo-hidrológicos,60008,Gestão de risco de desastre,2015,,Presente,verylow,Muito baixo,#F40000,3567,Piripiri/PI,0.0
Desastres geo-hidrológicos,60008,Gestão de risco de desastre,2015,,Presente,verylow,Muito baixo,#F40000,4779,Piritiba/BA,0.0
Desastres geo-hidrológicos,60008,Gestão de risco de desastre,2015,,Presente,verylow,Muito baixo,#F40000,4124,Pirpirituba/PB,0.0
Desastres geo-hidrológicos,60008,Gestão de risco de desastre,2015,,Presente,verylow,Muito baixo,#F40000,2190,Pitangueiras/SP,0.0
Desastres geo-hidrológicos,60008,Gestão de risco de desastre,2015,,Presente,verylow,Muito baixo,#F40000,1353,Pitangui/MG,0.0
Desastres geo-hidrológicos,60008,Gestão de risco de desastre,2015,,Presente,verylow,Muito baixo,#F40000,1354,Piumhi/MG,0.0
Desastres geo-hidrológicos,60008,Gestão de risco de desastre,2015,,Presente,verylow,Muito baixo,#F40000,3147,Pium/TO,0.0
Desastres geo-hidrológicos,60008,Gestão de risco de desastre,2015,,Presente,verylow,Muito baixo,#F40000,2833,Plácido de Castro/AC,0.0
Desastres geo-hidrológicos,60008,Gestão de risco de desastre,2015,,Presente,verylow,Muito baixo,#F40000,2776,Planaltina/GO,0.0
Desastres geo-hidrológicos,60008,Gestão de risco de desastre,2015,,Presente,verylow,Muito baixo,#F40000,4780,Planaltino/BA,0.0
Desastres geo-hidrológicos,60008,Gestão de risco de desastre,2015,,Presente,verylow,Muito baixo,#F40000,95,Planalto Alegre/SC,0.0
Desastres geo-hidrológicos,60008,Gestão de risco de desastre,2015,,Presente,verylow,Muito baixo,#F40000,735,Planalto/BA,0.0
Desastres geo-hidrológicos,60008,Gestão de risco de desastre,2015,,Presente,verylow,Muito baixo,#F40000,634,Planalto da Serra/MT,0.0
Desastres geo-hidrológicos,60008,Gestão de risco de desastre,2015,,Presente,verylow,Muito baixo,#F40000,377,Planalto/RS,0.0
Desastres geo-hidrológicos,60008,Gestão de risco de desastre,2015,,Presente,verylow,Muito baixo,#F40000,2191,Planalto/SP,0.0
Desastres geo-hidrológicos,60008,Gestão de risco de desastre,2015,,Presente,verylow,Muito baixo,#F40000,1355,Planura/MG,0.0
Desastres geo-hidrológicos,60008,Gestão de risco de desastre,2015,,Presente,verylow,Muito baixo,#F40000,4126,Pocinhos/PB,0.0
Desastres geo-hidrológicos,60008,Gestão de risco de desastre,2015,,Presente,verylow,Muito baixo,#F40000,3921,Poço Branco/RN,0.0
Desastres geo-hidrológicos,60008,Gestão de risco de desastre,2015,,Presente,verylow,Muito baixo,#F40000,4127,Poço Dantas/PB,0.0
Desastres geo-hidrológicos,60008,Gestão de risco de desastre,2015,,Presente,verylow,Muito baixo,#F40000,378,Poço das Antas/RS,0.0
Desastres geo-hidrológicos,60008,Gestão de risco de desastre,2015,,Presente,verylow,Muito baixo,#F40000,4128,Poço de José de Moura/PB,0.0
Desastres geo-hidrológicos,60008,Gestão de risco de desastre,2015,,Presente,verylow,Muito baixo,#F40000,1356,Poço Fundo/MG,0.0
Desastres geo-hidrológicos,60008,Gestão de risco de desastre,2015,,Presente,verylow,Muito baixo,#F40000,635,Poconé/MT,0.0
Desastres geo-hidrológicos,60008,Gestão de risco de desastre,2015,,Presente,verylow,Muito baixo,#F40000,4781,Pojuca/BA,0.0
Desastres geo-hidrológicos,60008,Gestão de risco de desastre,2015,,Presente,verylow,Muito baixo,#F40000,2194,Poloni/SP,0.0
Desastres geo-hidrológicos,60008,Gestão de risco de desastre,2015,,Presente,verylow,Muito baixo,#F40000,4129,Pombal/PB,0.0
Desastres geo-hidrológicos,60008,Gestão de risco de desastre,2015,,Presente,verylow,Muito baixo,#F40000,2195,Pompéia/SP,0.0
Desastres geo-hidrológicos,60008,Gestão de risco de desastre,2015,,Presente,verylow,Muito baixo,#F40000,1359,Pompéu/MG,0.0
Desastres geo-hidrológicos,60008,Gestão de risco de desastre,2015,,Presente,verylow,Muito baixo,#F40000,3008,Ponta de Pedras/PA,0.0
Desastres geo-hidrológicos,60008,Gestão de risco de desastre,2015,,Presente,verylow,Muito baixo,#F40000,636,Pontal do Araguaia/MT,0.0
Desastres geo-hidrológicos,60008,Gestão de risco de desastre,2015,,Presente,verylow,Muito baixo,#F40000,2777,Pontalina/GO,0.0
Desastres geo-hidrológicos,60008,Gestão de risco de desastre,2015,,Presente,verylow,Muito baixo,#F40000,379,Pontão/RS,0.0
Desastres geo-hidrológicos,60008,Gestão de risco de desastre,2015,,Presente,verylow,Muito baixo,#F40000,581,Ponta Porã/MS,0.0
Desastres geo-hidrológicos,60008,Gestão de risco de desastre,2015,,Presente,verylow,Muito baixo,#F40000,3148,Ponte Alta do Bom Jesus/TO,0.0
Desastres geo-hidrológicos,60008,Gestão de risco de desastre,2015,,Presente,verylow,Muito baixo,#F40000,638,Pontes e Lacerda/MT,0.0
Desastres geo-hidrológicos,60008,Gestão de risco de desastre,2015,,Presente,verylow,Muito baixo,#F40000,2199,Pontes Gestal/SP,0.0
Desastres geo-hidrológicos,60008,Gestão de risco de desastre,2015,,Presente,verylow,Muito baixo,#F40000,2200,Populina/SP,0.0
Desastres geo-hidrológicos,60008,Gestão de risco de desastre,2015,,Presente,verylow,Muito baixo,#F40000,3771,Poranga/CE,0.0
Desastres geo-hidrológicos,60008,Gestão de risco de desastre,2015,,Presente,verylow,Muito baixo,#F40000,3922,Portalegre/RN,0.0
Desastres geo-hidrológicos,60008,Gestão de risco de desastre,2015,,Presente,verylow,Muito baixo,#F40000,3772,Porteiras/CE,0.0
Desastres geo-hidrológicos,60008,Gestão de risco de desastre,2015,,Presente,verylow,Muito baixo,#F40000,1363,Porteirinha/MG,0.0
Desastres geo-hidrológicos,60008,Gestão de risco de desastre,2015,,Presente,verylow,Muito baixo,#F40000,667,Portelândia/GO,0.0
Desastres geo-hidrológicos,60008,Gestão de risco de desastre,2015,,Presente,verylow,Muito baixo,#F40000,5035,Portel/PA,0.0
Desastres geo-hidrológicos,60008,Gestão de risco de desastre,2015,,Presente,verylow,Muito baixo,#F40000,5055,Porto Alegre do Norte/MT,0.0
Desastres geo-hidrológicos,60008,Gestão de risco de desastre,2015,,Presente,verylow,Muito baixo,#F40000,3569,Porto Alegre do Piauí/PI,0.0
Desastres geo-hidrológicos,60008,Gestão de risco de desastre,2015,,Presente,verylow,Muito baixo,#F40000,5239,Porto Barreiro/PR,0.0
Desastres geo-hidrológicos,60008,Gestão de risco de desastre,2015,,Presente,verylow,Muito baixo,#F40000,4465,Porto Calvo/AL,0.0
Desastres geo-hidrológicos,60008,Gestão de risco de desastre,2015,,Presente,verylow,Muito baixo,#F40000,4543,Porto da Folha/SE,0.0
Desastres geo-hidrológicos,60008,Gestão de risco de desastre,2015,,Presente,verylow,Muito baixo,#F40000,4466,Porto de Pedras/AL,0.0
Desastres geo-hidrológicos,60008,Gestão de risco de desastre,2015,,Presente,verylow,Muito baixo,#F40000,3923,Porto do Mangue/RN,0.0
Desastres geo-hidrológicos,60008,Gestão de risco de desastre,2015,,Presente,verylow,Muito baixo,#F40000,2920,Porto dos Gaúchos/MT,0.0
Desastres geo-hidrológicos,60008,Gestão de risco de desastre,2015,,Presente,verylow,Muito baixo,#F40000,639,Porto Esperidião/MT,0.0
Desastres geo-hidrológicos,60008,Gestão de risco de desastre,2015,,Presente,verylow,Muito baixo,#F40000,640,Porto Estrela/MT,0.0
Desastres geo-hidrológicos,60008,Gestão de risco de desastre,2015,,Presente,verylow,Muito baixo,#F40000,2202,Porto Feliz/SP,0.0
Desastres geo-hidrológicos,60008,Gestão de risco de desastre,2015,,Presente,verylow,Muito baixo,#F40000,3334,Porto Franco/MA,0.0
Desastres geo-hidrológicos,60008,Gestão de risco de desastre,2015,,Presente,verylow,Muito baixo,#F40000,5045,Porto Grande/AP,0.0
Desastres geo-hidrológicos,60008,Gestão de risco de desastre,2015,,Presente,verylow,Muito baixo,#F40000,382,Porto Mauá/RS,0.0
Desastres geo-hidrológicos,60008,Gestão de risco de desastre,2015,,Presente,verylow,Muito baixo,#F40000,582,Porto Murtinho/MS,0.0
Desastres geo-hidrológicos,60008,Gestão de risco de desastre,2015,,Presente,verylow,Muito baixo,#F40000,3568,Porto/PI,0.0
Desastres geo-hidrológicos,60008,Gestão de risco de desastre,2015,,Presente,verylow,Muito baixo,#F40000,4467,Porto Real do Colégio/AL,0.0
Desastres geo-hidrológicos,60008,Gestão de risco de desastre,2015,,Presente,verylow,Muito baixo,#F40000,3335,Porto Rico do Maranhão/MA,0.0
Desastres geo-hidrológicos,60008,Gestão de risco de desastre,2015,,Presente,verylow,Muito baixo,#F40000,2834,Porto Walter/AC,0.0
Desastres geo-hidrológicos,60008,Gestão de risco de desastre,2015,,Presente,verylow,Muito baixo,#F40000,5024,Posse/GO,0.0
Desastres geo-hidrológicos,60008,Gestão de risco de desastre,2015,,Presente,verylow,Muito baixo,#F40000,1365,Poté/MG,0.0
Desastres geo-hidrológicos,60008,Gestão de risco de desastre,2015,,Presente,verylow,Muito baixo,#F40000,738,Potiraguá/BA,0.0
Desastres geo-hidrológicos,60008,Gestão de risco de desastre,2015,,Presente,verylow,Muito baixo,#F40000,2205,Potirendaba/SP,0.0
Desastres geo-hidrológicos,60008,Gestão de risco de desastre,2015,,Presente,verylow,Muito baixo,#F40000,1367,Pouso Alto/MG,0.0
Desastres geo-hidrológicos,60008,Gestão de risco de desastre,2015,,Presente,verylow,Muito baixo,#F40000,385,Pouso Novo/RS,0.0
Desastres geo-hidrológicos,60008,Gestão de risco de desastre,2015,,Presente,verylow,Muito baixo,#F40000,641,Poxoréu/MT,0.0
Desastres geo-hidrológicos,60008,Gestão de risco de desastre,2015,,Presente,verylow,Muito baixo,#F40000,2206,Pracinha/SP,0.0
Desastres geo-hidrológicos,60008,Gestão de risco de desastre,2015,,Presente,verylow,Muito baixo,#F40000,5046,Pracuúba/AP,0.0
Desastres geo-hidrológicos,60008,Gestão de risco de desastre,2015,,Presente,verylow,Muito baixo,#F40000,2207,Pradópolis/SP,0.0
Desastres geo-hidrológicos,60008,Gestão de risco de desastre,2015,,Presente,verylow,Muito baixo,#F40000,1368,Prados/MG,0.0
Desastres geo-hidrológicos,60008,Gestão de risco de desastre,2015,,Presente,verylow,Muito baixo,#F40000,3152,Praia Norte/TO,0.0
Desastres geo-hidrológicos,60008,Gestão de risco de desastre,2015,,Presente,verylow,Muito baixo,#F40000,2877,Prainha/PA,0.0
Desastres geo-hidrológicos,60008,Gestão de risco de desastre,2015,,Presente,verylow,Muito baixo,#F40000,2209,Pratânia/SP,0.0
Desastres geo-hidrológicos,60008,Gestão de risco de desastre,2015,,Presente,verylow,Muito baixo,#F40000,4130,Prata/PB,0.0
Desastres geo-hidrológicos,60008,Gestão de risco de desastre,2015,,Presente,verylow,Muito baixo,#F40000,1372,Presidente Bernardes/MG,0.0
Desastres geo-hidrológicos,60008,Gestão de risco de desastre,2015,,Presente,verylow,Muito baixo,#F40000,4783,Presidente Dutra/BA,0.0
Desastres geo-hidrológicos,60008,Gestão de risco de desastre,2015,,Presente,verylow,Muito baixo,#F40000,740,Presidente Jânio Quadros/BA,0.0
Desastres geo-hidrológicos,60008,Gestão de risco de desastre,2015,,Presente,verylow,Muito baixo,#F40000,3337,Presidente Juscelino/MA,0.0
Desastres geo-hidrológicos,60008,Gestão de risco de desastre,2015,,Presente,verylow,Muito baixo,#F40000,3153,Presidente Kennedy/TO,0.0
Desastres geo-hidrológicos,60008,Gestão de risco de desastre,2015,,Presente,verylow,Muito baixo,#F40000,1374,Presidente Kubitschek/MG,0.0
Desastres geo-hidrológicos,60008,Gestão de risco de desastre,2015,,Presente,verylow,Muito baixo,#F40000,4908,Presidente Prudente/SP,0.0
Desastres geo-hidrológicos,60008,Gestão de risco de desastre,2015,,Presente,verylow,Muito baixo,#F40000,3339,Presidente Sarney/MA,0.0
Desastres geo-hidrológicos,60008,Gestão de risco de desastre,2015,,Presente,verylow,Muito baixo,#F40000,17,Presidente Venceslau/SP,0.0
Desastres geo-hidrológicos,60008,Gestão de risco de desastre,2015,,Presente,verylow,Muito baixo,#F40000,642,Primavera do Leste/MT,0.0
Desastres geo-hidrológicos,60008,Gestão de risco de desastre,2015,,Presente,verylow,Muito baixo,#F40000,3341,Primeira Cruz/MA,0.0
Desastres geo-hidrológicos,60008,Gestão de risco de desastre,2015,,Presente,verylow,Muito baixo,#F40000,4131,Princesa Isabel/PB,0.0
Desastres geo-hidrológicos,60008,Gestão de risco de desastre,2015,,Presente,verylow,Muito baixo,#F40000,98,Princesa/SC,0.0
Desastres geo-hidrológicos,60008,Gestão de risco de desastre,2015,,Presente,verylow,Muito baixo,#F40000,2779,Professor Jamil/GO,0.0
Desastres geo-hidrológicos,60008,Gestão de risco de desastre,2015,,Presente,verylow,Muito baixo,#F40000,386,Progresso/RS,0.0
Desastres geo-hidrológicos,60008,Gestão de risco de desastre,2015,,Presente,verylow,Muito baixo,#F40000,2211,Promissão/SP,0.0
Desastres geo-hidrológicos,60008,Gestão de risco de desastre,2015,,Presente,verylow,Muito baixo,#F40000,4544,Propriá/SE,0.0
Desastres geo-hidrológicos,60008,Gestão de risco de desastre,2015,,Presente,verylow,Muito baixo,#F40000,387,Protásio Alves/RS,0.0
Desastres geo-hidrológicos,60008,Gestão de risco de desastre,2015,,Presente,verylow,Muito baixo,#F40000,1377,Prudente de Morais/MG,0.0
Desastres geo-hidrológicos,60008,Gestão de risco de desastre,2015,,Presente,verylow,Muito baixo,#F40000,3154,Pugmil/TO,0.0
Desastres geo-hidrológicos,60008,Gestão de risco de desastre,2015,,Presente,verylow,Muito baixo,#F40000,3925,Pureza/RN,0.0
Desastres geo-hidrológicos,60008,Gestão de risco de desastre,2015,,Presente,verylow,Muito baixo,#F40000,4132,Puxinanã/PB,0.0
Desastres geo-hidrológicos,60008,Gestão de risco de desastre,2015,,Presente,verylow,Muito baixo,#F40000,2212,Quadra/SP,0.0
Desastres geo-hidrológicos,60008,Gestão de risco de desastre,2015,,Presente,verylow,Muito baixo,#F40000,1378,Quartel Geral/MG,0.0
Desastres geo-hidrológicos,60008,Gestão de risco de desastre,2015,,Presente,verylow,Muito baixo,#F40000,5393,Quatiguá/PR,0.0
Desastres geo-hidrológicos,60008,Gestão de risco de desastre,2015,,Presente,verylow,Muito baixo,#F40000,3010,Quatipuru/PA,0.0
Desastres geo-hidrológicos,60008,Gestão de risco de desastre,2015,,Presente,verylow,Muito baixo,#F40000,390,Quatro Irmãos/RS,0.0
Desastres geo-hidrológicos,60008,Gestão de risco de desastre,2015,,Presente,verylow,Muito baixo,#F40000,5244,Quatro Pontes/PR,0.0
Desastres geo-hidrológicos,60008,Gestão de risco de desastre,2015,,Presente,verylow,Muito baixo,#F40000,3571,Queimada Nova/PI,0.0
Desastres geo-hidrológicos,60008,Gestão de risco de desastre,2015,,Presente,verylow,Muito baixo,#F40000,4785,Queimadas/BA,0.0
Desastres geo-hidrológicos,60008,Gestão de risco de desastre,2015,,Presente,verylow,Muito baixo,#F40000,4133,Queimadas/PB,0.0
Desastres geo-hidrológicos,60008,Gestão de risco de desastre,2015,,Presente,verylow,Muito baixo,#F40000,2214,Queiroz/SP,0.0
Desastres geo-hidrológicos,60008,Gestão de risco de desastre,2015,,Presente,verylow,Muito baixo,#F40000,2215,Queluz/SP,0.0
Desastres geo-hidrológicos,60008,Gestão de risco de desastre,2015,,Presente,verylow,Muito baixo,#F40000,2921,Querência/MT,0.0
Desastres geo-hidrológicos,60008,Gestão de risco de desastre,2015,,Presente,verylow,Muito baixo,#F40000,4786,Quijingue/BA,0.0
Desastres geo-hidrológicos,60008,Gestão de risco de desastre,2015,,Presente,verylow,Muito baixo,#F40000,99,Quilombo/SC,0.0
Desastres geo-hidrológicos,60008,Gestão de risco de desastre,2015,,Presente,verylow,Muito baixo,#F40000,2780,Quirinópolis/GO,0.0
Desastres geo-hidrológicos,60008,Gestão de risco de desastre,2015,,Presente,verylow,Muito baixo,#F40000,1745,Quissamã/RJ,0.0
Desastres geo-hidrológicos,60008,Gestão de risco de desastre,2015,,Presente,verylow,Muito baixo,#F40000,5395,Quitandinha/PR,0.0
Desastres geo-hidrológicos,60008,Gestão de risco de desastre,2015,,Presente,verylow,Muito baixo,#F40000,4134,Quixaba/PB,0.0
Desastres geo-hidrológicos,60008,Gestão de risco de desastre,2015,,Presente,verylow,Muito baixo,#F40000,4332,Quixaba/PE,0.0
Desastres geo-hidrológicos,60008,Gestão de risco de desastre,2015,,Presente,verylow,Muito baixo,#F40000,4787,Quixabeira/BA,0.0
Desastres geo-hidrológicos,60008,Gestão de risco de desastre,2015,,Presente,verylow,Muito baixo,#F40000,3776,Quixadá/CE,0.0
Desastres geo-hidrológicos,60008,Gestão de risco de desastre,2015,,Presente,verylow,Muito baixo,#F40000,3777,Quixelô/CE,0.0
Desastres geo-hidrológicos,60008,Gestão de risco de desastre,2015,,Presente,verylow,Muito baixo,#F40000,3926,Rafael Fernandes/RN,0.0
Desastres geo-hidrológicos,60008,Gestão de risco de desastre,2015,,Presente,verylow,Muito baixo,#F40000,3927,Rafael Godeiro/RN,0.0
Desastres geo-hidrológicos,60008,Gestão de risco de desastre,2015,,Presente,verylow,Muito baixo,#F40000,4788,Rafael Jambeiro/BA,0.0
Desastres geo-hidrológicos,60008,Gestão de risco de desastre,2015,,Presente,verylow,Muito baixo,#F40000,2217,Rafard/SP,0.0
Desastres geo-hidrológicos,60008,Gestão de risco de desastre,2015,,Presente,verylow,Muito baixo,#F40000,2218,Rancharia/SP,0.0
Desastres geo-hidrológicos,60008,Gestão de risco de desastre,2015,,Presente,verylow,Muito baixo,#F40000,3155,Recursolândia/TO,0.0
Desastres geo-hidrológicos,60008,Gestão de risco de desastre,2015,,Presente,verylow,Muito baixo,#F40000,3780,Redenção/CE,0.0
Desastres geo-hidrológicos,60008,Gestão de risco de desastre,2015,,Presente,verylow,Muito baixo,#F40000,3572,Redenção do Gurguéia/PI,0.0
Desastres geo-hidrológicos,60008,Gestão de risco de desastre,2015,,Presente,verylow,Muito baixo,#F40000,3011,Redenção/PA,0.0
Desastres geo-hidrológicos,60008,Gestão de risco de desastre,2015,,Presente,verylow,Muito baixo,#F40000,393,Redentora/RS,0.0
Desastres geo-hidrológicos,60008,Gestão de risco de desastre,2015,,Presente,verylow,Muito baixo,#F40000,1383,Reduto/MG,0.0
Desastres geo-hidrológicos,60008,Gestão de risco de desastre,2015,,Presente,verylow,Muito baixo,#F40000,3573,Regeneração/PI,0.0
Desastres geo-hidrológicos,60008,Gestão de risco de desastre,2015,,Presente,verylow,Muito baixo,#F40000,2220,Regente Feijó/SP,0.0
Desastres geo-hidrológicos,60008,Gestão de risco de desastre,2015,,Presente,verylow,Muito baixo,#F40000,394,Relvado/RS,0.0
Desastres geo-hidrológicos,60008,Gestão de risco de desastre,2015,,Presente,verylow,Muito baixo,#F40000,4789,Remanso/BA,0.0
Desastres geo-hidrológicos,60008,Gestão de risco de desastre,2015,,Presente,verylow,Muito baixo,#F40000,644,Reserva do Cabaçal/MT,0.0
Desastres geo-hidrológicos,60008,Gestão de risco de desastre,2015,,Presente,verylow,Muito baixo,#F40000,5252,Reserva do Iguaçu/PR,0.0
Desastres geo-hidrológicos,60008,Gestão de risco de desastre,2015,,Presente,verylow,Muito baixo,#F40000,1386,Ressaquinha/MG,0.0
Desastres geo-hidrológicos,60008,Gestão de risco de desastre,2015,,Presente,verylow,Muito baixo,#F40000,395,Restinga Sêca/RS,0.0
Desastres geo-hidrológicos,60008,Gestão de risco de desastre,2015,,Presente,verylow,Muito baixo,#F40000,4790,Retirolândia/BA,0.0
Desastres geo-hidrológicos,60008,Gestão de risco de desastre,2015,,Presente,verylow,Muito baixo,#F40000,4791,Riachão das Neves/BA,0.0
Desastres geo-hidrológicos,60008,Gestão de risco de desastre,2015,,Presente,verylow,Muito baixo,#F40000,4138,Riachão do Bacamarte/PB,0.0
Desastres geo-hidrológicos,60008,Gestão de risco de desastre,2015,,Presente,verylow,Muito baixo,#F40000,4545,Riachão do Dantas/SE,0.0
Desastres geo-hidrológicos,60008,Gestão de risco de desastre,2015,,Presente,verylow,Muito baixo,#F40000,4792,Riachão do Jacuípe/BA,0.0
Desastres geo-hidrológicos,60008,Gestão de risco de desastre,2015,,Presente,verylow,Muito baixo,#F40000,3343,Riachão/MA,0.0
Desastres geo-hidrológicos,60008,Gestão de risco de desastre,2015,,Presente,verylow,Muito baixo,#F40000,4137,Riachão/PB,0.0
Desastres geo-hidrológicos,60008,Gestão de risco de desastre,2015,,Presente,verylow,Muito baixo,#F40000,1387,Riachinho/MG,0.0
Desastres geo-hidrológicos,60008,Gestão de risco de desastre,2015,,Presente,verylow,Muito baixo,#F40000,3156,Riachinho/TO,0.0
Desastres geo-hidrológicos,60008,Gestão de risco de desastre,2015,,Presente,verylow,Muito baixo,#F40000,4141,Riacho dos Cavalos/PB,0.0
Desastres geo-hidrológicos,60008,Gestão de risco de desastre,2015,,Presente,verylow,Muito baixo,#F40000,3574,Riacho Frio/PI,0.0
Desastres geo-hidrológicos,60008,Gestão de risco de desastre,2015,,Presente,verylow,Muito baixo,#F40000,3930,Riachuelo/RN,0.0
Desastres geo-hidrológicos,60008,Gestão de risco de desastre,2015,,Presente,verylow,Muito baixo,#F40000,4546,Riachuelo/SE,0.0
Desastres geo-hidrológicos,60008,Gestão de risco de desastre,2015,,Presente,verylow,Muito baixo,#F40000,2781,Rialma/GO,0.0
Desastres geo-hidrológicos,60008,Gestão de risco de desastre,2015,,Presente,verylow,Muito baixo,#F40000,2782,Rianápolis/GO,0.0
Desastres geo-hidrológicos,60008,Gestão de risco de desastre,2015,,Presente,verylow,Muito baixo,#F40000,3344,Ribamar Fiquene/MA,0.0
Desastres geo-hidrológicos,60008,Gestão de risco de desastre,2015,,Presente,verylow,Muito baixo,#F40000,4794,Ribeira do Amparo/BA,0.0
Desastres geo-hidrológicos,60008,Gestão de risco de desastre,2015,,Presente,verylow,Muito baixo,#F40000,3575,Ribeira do Piauí/PI,0.0
Desastres geo-hidrológicos,60008,Gestão de risco de desastre,2015,,Presente,verylow,Muito baixo,#F40000,2225,Ribeirão Bonito/SP,0.0
Desastres geo-hidrológicos,60008,Gestão de risco de desastre,2015,,Presente,verylow,Muito baixo,#F40000,2226,Ribeirão Branco/SP,0.0
Desastres geo-hidrológicos,60008,Gestão de risco de desastre,2015,,Presente,verylow,Muito baixo,#F40000,741,Ribeirão do Largo/BA,0.0
Desastres geo-hidrológicos,60008,Gestão de risco de desastre,2015,,Presente,verylow,Muito baixo,#F40000,2229,Ribeirão Grande/SP,0.0
Desastres geo-hidrológicos,60008,Gestão de risco de desastre,2015,,Presente,verylow,Muito baixo,#F40000,2231,Ribeirão Preto/SP,0.0
Desastres geo-hidrológicos,60008,Gestão de risco de desastre,2015,,Presente,verylow,Muito baixo,#F40000,1390,Ribeirão Vermelho/MG,0.0
Desastres geo-hidrológicos,60008,Gestão de risco de desastre,2015,,Presente,verylow,Muito baixo,#F40000,645,Ribeirãozinho/MT,0.0
Desastres geo-hidrológicos,60008,Gestão de risco de desastre,2015,,Presente,verylow,Muito baixo,#F40000,4547,Ribeirópolis/SE,0.0
Desastres geo-hidrológicos,60008,Gestão de risco de desastre,2015,,Presente,verylow,Muito baixo,#F40000,5454,Rio Bom/PR,0.0
Desastres geo-hidrológicos,60008,Gestão de risco de desastre,2015,,Presente,verylow,Muito baixo,#F40000,5253,Rio Bonito do Iguaçu/PR,0.0
Desastres geo-hidrológicos,60008,Gestão de risco de desastre,2015,,Presente,verylow,Muito baixo,#F40000,5455,Rio Branco do Ivaí/PR,0.0
Desastres geo-hidrológicos,60008,Gestão de risco de desastre,2015,,Presente,verylow,Muito baixo,#F40000,584,Rio Brilhante/MS,0.0
Desastres geo-hidrológicos,60008,Gestão de risco de desastre,2015,,Presente,verylow,Muito baixo,#F40000,3157,Rio da Conceição/TO,0.0
Desastres geo-hidrológicos,60008,Gestão de risco de desastre,2015,,Presente,verylow,Muito baixo,#F40000,2511,Rio das Antas/SC,0.0
Desastres geo-hidrológicos,60008,Gestão de risco de desastre,2015,,Presente,verylow,Muito baixo,#F40000,4796,Rio de Contas/BA,0.0
Desastres geo-hidrológicos,60008,Gestão de risco de desastre,2015,,Presente,verylow,Muito baixo,#F40000,3909,Rio do Fogo/RN,0.0
Desastres geo-hidrológicos,60008,Gestão de risco de desastre,2015,,Presente,verylow,Muito baixo,#F40000,4797,Rio do Pires/BA,0.0
Desastres geo-hidrológicos,60008,Gestão de risco de desastre,2015,,Presente,verylow,Muito baixo,#F40000,3158,Rio dos Bois/TO,0.0
Desastres geo-hidrológicos,60008,Gestão de risco de desastre,2015,,Presente,verylow,Muito baixo,#F40000,2514,Rio dos Cedros/SC,0.0
Desastres geo-hidrológicos,60008,Gestão de risco de desastre,2015,,Presente,verylow,Muito baixo,#F40000,396,Rio dos Índios/RS,0.0
Desastres geo-hidrológicos,60008,Gestão de risco de desastre,2015,,Presente,verylow,Muito baixo,#F40000,1395,Rio Espera/MG,0.0
Desastres geo-hidrológicos,60008,Gestão de risco de desastre,2015,,Presente,verylow,Muito baixo,#F40000,3577,Rio Grande do Piauí/PI,0.0
Desastres geo-hidrológicos,60008,Gestão de risco de desastre,2015,,Presente,verylow,Muito baixo,#F40000,397,Rio Grande/RS,0.0
Desastres geo-hidrológicos,60008,Gestão de risco de desastre,2015,,Presente,verylow,Muito baixo,#F40000,2239,Riolândia/SP,0.0
Desastres geo-hidrológicos,60008,Gestão de risco de desastre,2015,,Presente,verylow,Muito baixo,#F40000,1396,Rio Manso/MG,0.0
Desastres geo-hidrológicos,60008,Gestão de risco de desastre,2015,,Presente,verylow,Muito baixo,#F40000,585,Rio Negro/MS,0.0
Desastres geo-hidrológicos,60008,Gestão de risco de desastre,2015,,Presente,verylow,Muito baixo,#F40000,1398,Rio Paranaíba/MG,0.0
Desastres geo-hidrológicos,60008,Gestão de risco de desastre,2015,,Presente,verylow,Muito baixo,#F40000,1399,Rio Pardo de Minas/MG,0.0
Desastres geo-hidrológicos,60008,Gestão de risco de desastre,2015,,Presente,verylow,Muito baixo,#F40000,1402,Rio Preto/MG,0.0
Desastres geo-hidrológicos,60008,Gestão de risco de desastre,2015,,Presente,verylow,Muito baixo,#F40000,2783,Rio Quente/GO,0.0
Desastres geo-hidrológicos,60008,Gestão de risco de desastre,2015,,Presente,verylow,Muito baixo,#F40000,4798,Rio Real/BA,0.0
Desastres geo-hidrológicos,60008,Gestão de risco de desastre,2015,,Presente,verylow,Muito baixo,#F40000,3159,Rio Sono/TO,0.0
Desastres geo-hidrológicos,60008,Gestão de risco de desastre,2015,,Presente,verylow,Muito baixo,#F40000,4142,Rio Tinto/PB,0.0
Desastres geo-hidrológicos,60008,Gestão de risco de desastre,2015,,Presente,verylow,Muito baixo,#F40000,4980,Rio Verde/GO,0.0
Desastres geo-hidrológicos,60008,Gestão de risco de desastre,2015,,Presente,verylow,Muito baixo,#F40000,1403,Rio Vermelho/MG,0.0
Desastres geo-hidrológicos,60008,Gestão de risco de desastre,2015,,Presente,verylow,Muito baixo,#F40000,2619,Riozinho/RS,0.0
Desastres geo-hidrológicos,60008,Gestão de risco de desastre,2015,,Presente,verylow,Muito baixo,#F40000,100,Riqueza/SC,0.0
Desastres geo-hidrológicos,60008,Gestão de risco de desastre,2015,,Presente,verylow,Muito baixo,#F40000,1404,Ritápolis/MG,0.0
Desastres geo-hidrológicos,60008,Gestão de risco de desastre,2015,,Presente,verylow,Muito baixo,#F40000,2232,Riversul/SP,0.0
Desastres geo-hidrológicos,60008,Gestão de risco de desastre,2015,,Presente,verylow,Muito baixo,#F40000,399,Roca Sales/RS,0.0
Desastres geo-hidrológicos,60008,Gestão de risco de desastre,2015,,Presente,verylow,Muito baixo,#F40000,1405,Rochedo de Minas/MG,0.0
Desastres geo-hidrológicos,60008,Gestão de risco de desastre,2015,,Presente,verylow,Muito baixo,#F40000,587,Rochedo/MS,0.0
Desastres geo-hidrológicos,60008,Gestão de risco de desastre,2015,,Presente,verylow,Muito baixo,#F40000,1406,Rodeiro/MG,0.0
Desastres geo-hidrológicos,60008,Gestão de risco de desastre,2015,,Presente,verylow,Muito baixo,#F40000,4799,Rodelas/BA,0.0
Desastres geo-hidrológicos,60008,Gestão de risco de desastre,2015,,Presente,verylow,Muito baixo,#F40000,3931,Rodolfo Fernandes/RN,0.0
Desastres geo-hidrológicos,60008,Gestão de risco de desastre,2015,,Presente,verylow,Muito baixo,#F40000,5540,Rolim de Moura/RO,0.0
Desastres geo-hidrológicos,60008,Gestão de risco de desastre,2015,,Presente,verylow,Muito baixo,#F40000,1407,Romaria/MG,0.0
Desastres geo-hidrológicos,60008,Gestão de risco de desastre,2015,,Presente,verylow,Muito baixo,#F40000,2925,Rondolândia/MT,0.0
Desastres geo-hidrológicos,60008,Gestão de risco de desastre,2015,,Presente,verylow,Muito baixo,#F40000,404,Roque Gonzales/RS,0.0
Desastres geo-hidrológicos,60008,Gestão de risco de desastre,2015,,Presente,verylow,Muito baixo,#F40000,2854,Rorainópolis/RR,0.0
Desastres geo-hidrológicos,60008,Gestão de risco de desastre,2015,,Presente,verylow,Muito baixo,#F40000,19,Rosana/SP,0.0
Desastres geo-hidrológicos,60008,Gestão de risco de desastre,2015,,Presente,verylow,Muito baixo,#F40000,1408,Rosário da Limeira/MG,0.0
Desastres geo-hidrológicos,60008,Gestão de risco de desastre,2015,,Presente,verylow,Muito baixo,#F40000,4548,Rosário do Catete/SE,0.0
Desastres geo-hidrológicos,60008,Gestão de risco de desastre,2015,,Presente,verylow,Muito baixo,#F40000,4962,Rosário Oeste/MT,0.0
Desastres geo-hidrológicos,60008,Gestão de risco de desastre,2015,,Presente,verylow,Muito baixo,#F40000,4470,Roteiro/AL,0.0
Desastres geo-hidrológicos,60008,Gestão de risco de desastre,2015,,Presente,verylow,Muito baixo,#F40000,1409,Rubelita/MG,0.0
Desastres geo-hidrológicos,60008,Gestão de risco de desastre,2015,,Presente,verylow,Muito baixo,#F40000,2241,Rubiácea/SP,0.0
Desastres geo-hidrológicos,60008,Gestão de risco de desastre,2015,,Presente,verylow,Muito baixo,#F40000,1410,Rubim/MG,0.0
Desastres geo-hidrológicos,60008,Gestão de risco de desastre,2015,,Presente,verylow,Muito baixo,#F40000,2242,Rubinéia/SP,0.0
Desastres geo-hidrológicos,60008,Gestão de risco de desastre,2015,,Presente,verylow,Muito baixo,#F40000,4800,Ruy Barbosa/BA,0.0
Desastres geo-hidrológicos,60008,Gestão de risco de desastre,2015,,Presente,verylow,Muito baixo,#F40000,3933,Ruy Barbosa/RN,0.0
Desastres geo-hidrológicos,60008,Gestão de risco de desastre,2015,,Presente,verylow,Muito baixo,#F40000,406,Sagrada Família/RS,0.0
Desastres geo-hidrológicos,60008,Gestão de risco de desastre,2015,,Presente,verylow,Muito baixo,#F40000,407,Saldanha Marinho/RS,0.0
Desastres geo-hidrológicos,60008,Gestão de risco de desastre,2015,,Presente,verylow,Muito baixo,#F40000,2248,Salmourão/SP,0.0
Desastres geo-hidrológicos,60008,Gestão de risco de desastre,2015,,Presente,verylow,Muito baixo,#F40000,4340,Saloá/PE,0.0
Desastres geo-hidrológicos,60008,Gestão de risco de desastre,2015,,Presente,verylow,Muito baixo,#F40000,102,Saltinho/SC,0.0
Desastres geo-hidrológicos,60008,Gestão de risco de desastre,2015,,Presente,verylow,Muito baixo,#F40000,1415,Salto da Divisa/MG,0.0
Desastres geo-hidrológicos,60008,Gestão de risco de desastre,2015,,Presente,verylow,Muito baixo,#F40000,408,Salto do Jacuí/RS,0.0
Desastres geo-hidrológicos,60008,Gestão de risco de desastre,2015,,Presente,verylow,Muito baixo,#F40000,409,Salvador das Missões/RS,0.0
Desastres geo-hidrológicos,60008,Gestão de risco de desastre,2015,,Presente,verylow,Muito baixo,#F40000,410,Salvador do Sul/RS,0.0
Desastres geo-hidrológicos,60008,Gestão de risco de desastre,2015,,Presente,verylow,Muito baixo,#F40000,3015,Salvaterra/PA,0.0
Desastres geo-hidrológicos,60008,Gestão de risco de desastre,2015,,Presente,verylow,Muito baixo,#F40000,3346,Sambaíba/MA,0.0
Desastres geo-hidrológicos,60008,Gestão de risco de desastre,2015,,Presente,verylow,Muito baixo,#F40000,3161,Sandolândia/TO,0.0
Desastres geo-hidrológicos,60008,Gestão de risco de desastre,2015,,Presente,verylow,Muito baixo,#F40000,20,Sandovalina/SP,0.0
Desastres geo-hidrológicos,60008,Gestão de risco de desastre,2015,,Presente,verylow,Muito baixo,#F40000,2521,Sangão/SC,0.0
Desastres geo-hidrológicos,60008,Gestão de risco de desastre,2015,,Presente,verylow,Muito baixo,#F40000,2254,Santa Albertina/SP,0.0
Desastres geo-hidrológicos,60008,Gestão de risco de desastre,2015,,Presente,verylow,Muito baixo,#F40000,2786,Santa Bárbara de Goiás/GO,0.0
Desastres geo-hidrológicos,60008,Gestão de risco de desastre,2015,,Presente,verylow,Muito baixo,#F40000,1418,Santa Bárbara do Monte Verde/MG,0.0
Desastres geo-hidrológicos,60008,Gestão de risco de desastre,2015,,Presente,verylow,Muito baixo,#F40000,3016,Santa Bárbara do Pará/PA,0.0
Desastres geo-hidrológicos,60008,Gestão de risco de desastre,2015,,Presente,verylow,Muito baixo,#F40000,412,Santa Bárbara do Sul/RS,0.0
Desastres geo-hidrológicos,60008,Gestão de risco de desastre,2015,,Presente,verylow,Muito baixo,#F40000,1419,Santa Bárbara do Tugúrio/MG,0.0
Desastres geo-hidrológicos,60008,Gestão de risco de desastre,2015,,Presente,verylow,Muito baixo,#F40000,1416,Santa Bárbara/MG,0.0
Desastres geo-hidrológicos,60008,Gestão de risco de desastre,2015,,Presente,verylow,Muito baixo,#F40000,4804,Santa Brígida/BA,0.0
Desastres geo-hidrológicos,60008,Gestão de risco de desastre,2015,,Presente,verylow,Muito baixo,#F40000,2922,Santa Carmem/MT,0.0
Desastres geo-hidrológicos,60008,Gestão de risco de desastre,2015,,Presente,verylow,Muito baixo,#F40000,4145,Santa Cecília/PB,0.0
Desastres geo-hidrológicos,60008,Gestão de risco de desastre,2015,,Presente,verylow,Muito baixo,#F40000,4343,Santa Cruz da Baixa Verde/PE,0.0
Desastres geo-hidrológicos,60008,Gestão de risco de desastre,2015,,Presente,verylow,Muito baixo,#F40000,2259,Santa Cruz da Esperança/SP,0.0
Desastres geo-hidrológicos,60008,Gestão de risco de desastre,2015,,Presente,verylow,Muito baixo,#F40000,2260,Santa Cruz das Palmeiras/SP,0.0
Desastres geo-hidrológicos,60008,Gestão de risco de desastre,2015,,Presente,verylow,Muito baixo,#F40000,743,Santa Cruz da Vitória/BA,0.0
Desastres geo-hidrológicos,60008,Gestão de risco de desastre,2015,,Presente,verylow,Muito baixo,#F40000,2787,Santa Cruz de Goiás/GO,0.0
Desastres geo-hidrológicos,60008,Gestão de risco de desastre,2015,,Presente,verylow,Muito baixo,#F40000,1420,Santa Cruz de Minas/MG,0.0
Desastres geo-hidrológicos,60008,Gestão de risco de desastre,2015,,Presente,verylow,Muito baixo,#F40000,1421,Santa Cruz de Salinas/MG,0.0
Desastres geo-hidrológicos,60008,Gestão de risco de desastre,2015,,Presente,verylow,Muito baixo,#F40000,3017,Santa Cruz do Arari/PA,0.0
Desastres geo-hidrológicos,60008,Gestão de risco de desastre,2015,,Presente,verylow,Muito baixo,#F40000,4344,Santa Cruz do Capibaribe/PE,0.0
Desastres geo-hidrológicos,60008,Gestão de risco de desastre,2015,,Presente,verylow,Muito baixo,#F40000,1422,Santa Cruz do Escalvado/MG,0.0
Desastres geo-hidrológicos,60008,Gestão de risco de desastre,2015,,Presente,verylow,Muito baixo,#F40000,3578,Santa Cruz do Piauí/PI,0.0
Desastres geo-hidrológicos,60008,Gestão de risco de desastre,2015,,Presente,verylow,Muito baixo,#F40000,2926,Santa Cruz do Xingu/MT,0.0
Desastres geo-hidrológicos,60008,Gestão de risco de desastre,2015,,Presente,verylow,Muito baixo,#F40000,4146,Santa Cruz/PB,0.0
Desastres geo-hidrológicos,60008,Gestão de risco de desastre,2015,,Presente,verylow,Muito baixo,#F40000,3934,Santa Cruz/RN,0.0
Desastres geo-hidrológicos,60008,Gestão de risco de desastre,2015,,Presente,verylow,Muito baixo,#F40000,1423,Santa Efigênia de Minas/MG,0.0
Desastres geo-hidrológicos,60008,Gestão de risco de desastre,2015,,Presente,verylow,Muito baixo,#F40000,2262,Santa Ernestina/SP,0.0
Desastres geo-hidrológicos,60008,Gestão de risco de desastre,2015,,Presente,verylow,Muito baixo,#F40000,4981,Santa Fé de Goiás/GO,0.0
Desastres geo-hidrológicos,60008,Gestão de risco de desastre,2015,,Presente,verylow,Muito baixo,#F40000,1424,Santa Fé de Minas/MG,0.0
Desastres geo-hidrológicos,60008,Gestão de risco de desastre,2015,,Presente,verylow,Muito baixo,#F40000,3162,Santa Fé do Araguaia/TO,0.0
Desastres geo-hidrológicos,60008,Gestão de risco de desastre,2015,,Presente,verylow,Muito baixo,#F40000,2263,Santa Fé do Sul/SP,0.0
Desastres geo-hidrológicos,60008,Gestão de risco de desastre,2015,,Presente,verylow,Muito baixo,#F40000,3347,Santa Filomena do Maranhão/MA,0.0
Desastres geo-hidrológicos,60008,Gestão de risco de desastre,2015,,Presente,verylow,Muito baixo,#F40000,4345,Santa Filomena/PE,0.0
Desastres geo-hidrológicos,60008,Gestão de risco de desastre,2015,,Presente,verylow,Muito baixo,#F40000,3580,Santa Filomena/PI,0.0
Desastres geo-hidrológicos,60008,Gestão de risco de desastre,2015,,Presente,verylow,Muito baixo,#F40000,2264,Santa Gertrudes/SP,0.0
Desastres geo-hidrológicos,60008,Gestão de risco de desastre,2015,,Presente,verylow,Muito baixo,#F40000,2788,Santa Helena de Goiás/GO,0.0
Desastres geo-hidrológicos,60008,Gestão de risco de desastre,2015,,Presente,verylow,Muito baixo,#F40000,1425,Santa Helena de Minas/MG,0.0
Desastres geo-hidrológicos,60008,Gestão de risco de desastre,2015,,Presente,verylow,Muito baixo,#F40000,3348,Santa Helena/MA,0.0
Desastres geo-hidrológicos,60008,Gestão de risco de desastre,2015,,Presente,verylow,Muito baixo,#F40000,4147,Santa Helena/PB,0.0
Desastres geo-hidrológicos,60008,Gestão de risco de desastre,2015,,Presente,verylow,Muito baixo,#F40000,103,Santa Helena/SC,0.0
Desastres geo-hidrológicos,60008,Gestão de risco de desastre,2015,,Presente,verylow,Muito baixo,#F40000,4805,Santa Inês/BA,0.0
Desastres geo-hidrológicos,60008,Gestão de risco de desastre,2015,,Presente,verylow,Muito baixo,#F40000,3349,Santa Inês/MA,0.0
Desastres geo-hidrológicos,60008,Gestão de risco de desastre,2015,,Presente,verylow,Muito baixo,#F40000,4148,Santa Inês/PB,0.0
Desastres geo-hidrológicos,60008,Gestão de risco de desastre,2015,,Presente,verylow,Muito baixo,#F40000,5262,Santa Inês/PR,0.0
Desastres geo-hidrológicos,60008,Gestão de risco de desastre,2015,,Presente,verylow,Muito baixo,#F40000,5263,Santa Isabel do Ivaí/PR,0.0
Desastres geo-hidrológicos,60008,Gestão de risco de desastre,2015,,Presente,verylow,Muito baixo,#F40000,2789,Santa Isabel/GO,0.0
Desastres geo-hidrológicos,60008,Gestão de risco de desastre,2015,,Presente,verylow,Muito baixo,#F40000,2265,Santa Isabel/SP,0.0
Desastres geo-hidrológicos,60008,Gestão de risco de desastre,2015,,Presente,verylow,Muito baixo,#F40000,4806,Santaluz/BA,0.0
Desastres geo-hidrológicos,60008,Gestão de risco de desastre,2015,,Presente,verylow,Muito baixo,#F40000,4550,Santa Luzia do Itanhy/SE,0.0
Desastres geo-hidrológicos,60008,Gestão de risco de desastre,2015,,Presente,verylow,Muito baixo,#F40000,3019,Santa Luzia do Pará/PA,0.0
Desastres geo-hidrológicos,60008,Gestão de risco de desastre,2015,,Presente,verylow,Muito baixo,#F40000,3351,Santa Luzia do Paruá/MA,0.0
Desastres geo-hidrológicos,60008,Gestão de risco de desastre,2015,,Presente,verylow,Muito baixo,#F40000,4149,Santa Luzia/PB,0.0
Desastres geo-hidrológicos,60008,Gestão de risco de desastre,2015,,Presente,verylow,Muito baixo,#F40000,3581,Santa Luz/PI,0.0
Desastres geo-hidrológicos,60008,Gestão de risco de desastre,2015,,Presente,verylow,Muito baixo,#F40000,417,Santa Margarida do Sul/RS,0.0
Desastres geo-hidrológicos,60008,Gestão de risco de desastre,2015,,Presente,verylow,Muito baixo,#F40000,1428,Santa Margarida/MG,0.0
Desastres geo-hidrológicos,60008,Gestão de risco de desastre,2015,,Presente,verylow,Muito baixo,#F40000,4346,Santa Maria da Boa Vista/PE,0.0
Desastres geo-hidrológicos,60008,Gestão de risco de desastre,2015,,Presente,verylow,Muito baixo,#F40000,2267,Santa Maria da Serra/SP,0.0
Desastres geo-hidrológicos,60008,Gestão de risco de desastre,2015,,Presente,verylow,Muito baixo,#F40000,4807,Santa Maria da Vitória/BA,0.0
Desastres geo-hidrológicos,60008,Gestão de risco de desastre,2015,,Presente,verylow,Muito baixo,#F40000,4347,Santa Maria do Cambucá/PE,0.0
Desastres geo-hidrológicos,60008,Gestão de risco de desastre,2015,,Presente,verylow,Muito baixo,#F40000,2621,Santa Maria do Herval/RS,0.0
Desastres geo-hidrológicos,60008,Gestão de risco de desastre,2015,,Presente,verylow,Muito baixo,#F40000,5266,Santa Maria do Oeste/PR,0.0
Desastres geo-hidrológicos,60008,Gestão de risco de desastre,2015,,Presente,verylow,Muito baixo,#F40000,3021,Santa Maria do Pará/PA,0.0
Desastres geo-hidrológicos,60008,Gestão de risco de desastre,2015,,Presente,verylow,Muito baixo,#F40000,1430,Santa Maria do Salto/MG,0.0
Desastres geo-hidrológicos,60008,Gestão de risco de desastre,2015,,Presente,verylow,Muito baixo,#F40000,3163,Santa Maria do Tocantins/TO,0.0
Desastres geo-hidrológicos,60008,Gestão de risco de desastre,2015,,Presente,verylow,Muito baixo,#F40000,3913,Santa Maria/RN,0.0
Desastres geo-hidrológicos,60008,Gestão de risco de desastre,2015,,Presente,verylow,Muito baixo,#F40000,5267,Santa Mônica/PR,0.0
Desastres geo-hidrológicos,60008,Gestão de risco de desastre,2015,,Presente,verylow,Muito baixo,#F40000,4808,Santana/BA,0.0
Desastres geo-hidrológicos,60008,Gestão de risco de desastre,2015,,Presente,verylow,Muito baixo,#F40000,1432,Santana da Vargem/MG,0.0
Desastres geo-hidrológicos,60008,Gestão de risco de desastre,2015,,Presente,verylow,Muito baixo,#F40000,4150,Santana de Mangueira/PB,0.0
Desastres geo-hidrológicos,60008,Gestão de risco de desastre,2015,,Presente,verylow,Muito baixo,#F40000,3786,Santana do Cariri/CE,0.0
Desastres geo-hidrológicos,60008,Gestão de risco de desastre,2015,,Presente,verylow,Muito baixo,#F40000,1435,Santana do Deserto/MG,0.0
Desastres geo-hidrológicos,60008,Gestão de risco de desastre,2015,,Presente,verylow,Muito baixo,#F40000,1436,Santana do Garambéu/MG,0.0
Desastres geo-hidrológicos,60008,Gestão de risco de desastre,2015,,Presente,verylow,Muito baixo,#F40000,4472,Santana do Ipanema/AL,0.0
Desastres geo-hidrológicos,60008,Gestão de risco de desastre,2015,,Presente,verylow,Muito baixo,#F40000,1437,Santana do Jacaré/MG,0.0
Desastres geo-hidrológicos,60008,Gestão de risco de desastre,2015,,Presente,verylow,Muito baixo,#F40000,1438,Santana do Manhuaçu/MG,0.0
Desastres geo-hidrológicos,60008,Gestão de risco de desastre,2015,,Presente,verylow,Muito baixo,#F40000,3935,Santana do Matos/RN,0.0
Desastres geo-hidrológicos,60008,Gestão de risco de desastre,2015,,Presente,verylow,Muito baixo,#F40000,3582,Santana do Piauí/PI,0.0
Desastres geo-hidrológicos,60008,Gestão de risco de desastre,2015,,Presente,verylow,Muito baixo,#F40000,3936,Santana do Seridó/RN,0.0
Desastres geo-hidrológicos,60008,Gestão de risco de desastre,2015,,Presente,verylow,Muito baixo,#F40000,4151,Santana dos Garrotes/PB,0.0
Desastres geo-hidrológicos,60008,Gestão de risco de desastre,2015,,Presente,verylow,Muito baixo,#F40000,4809,Santanópolis/BA,0.0
Desastres geo-hidrológicos,60008,Gestão de risco de desastre,2015,,Presente,verylow,Muito baixo,#F40000,3787,Santa Quitéria/CE,0.0
Desastres geo-hidrológicos,60008,Gestão de risco de desastre,2015,,Presente,verylow,Muito baixo,#F40000,3023,Santarém Novo/PA,0.0
Desastres geo-hidrológicos,60008,Gestão de risco de desastre,2015,,Presente,verylow,Muito baixo,#F40000,1442,Santa Rita de Caldas/MG,0.0
Desastres geo-hidrológicos,60008,Gestão de risco de desastre,2015,,Presente,verylow,Muito baixo,#F40000,4810,Santa Rita de Cássia/BA,0.0
Desastres geo-hidrológicos,60008,Gestão de risco de desastre,2015,,Presente,verylow,Muito baixo,#F40000,1443,Santa Rita de Jacutinga/MG,0.0
Desastres geo-hidrológicos,60008,Gestão de risco de desastre,2015,,Presente,verylow,Muito baixo,#F40000,1444,Santa Rita de Minas/MG,0.0
Desastres geo-hidrológicos,60008,Gestão de risco de desastre,2015,,Presente,verylow,Muito baixo,#F40000,2270,Santa Rita d'Oeste/SP,0.0
Desastres geo-hidrológicos,60008,Gestão de risco de desastre,2015,,Presente,verylow,Muito baixo,#F40000,588,Santa Rita do Pardo/MS,0.0
Desastres geo-hidrológicos,60008,Gestão de risco de desastre,2015,,Presente,verylow,Muito baixo,#F40000,4963,Santa Rita do Trivelato/MT,0.0
Desastres geo-hidrológicos,60008,Gestão de risco de desastre,2015,,Presente,verylow,Muito baixo,#F40000,1448,Santa Rosa da Serra/MG,0.0
Desastres geo-hidrológicos,60008,Gestão de risco de desastre,2015,,Presente,verylow,Muito baixo,#F40000,2791,Santa Rosa de Goiás/GO,0.0
Desastres geo-hidrológicos,60008,Gestão de risco de desastre,2015,,Presente,verylow,Muito baixo,#F40000,2523,Santa Rosa de Lima/SC,0.0
Desastres geo-hidrológicos,60008,Gestão de risco de desastre,2015,,Presente,verylow,Muito baixo,#F40000,4552,Santa Rosa de Lima/SE,0.0
Desastres geo-hidrológicos,60008,Gestão de risco de desastre,2015,,Presente,verylow,Muito baixo,#F40000,2272,Santa Rosa de Viterbo/SP,0.0
Desastres geo-hidrológicos,60008,Gestão de risco de desastre,2015,,Presente,verylow,Muito baixo,#F40000,3583,Santa Rosa do Piauí/PI,0.0
Desastres geo-hidrológicos,60008,Gestão de risco de desastre,2015,,Presente,verylow,Muito baixo,#F40000,2524,Santa Rosa do Sul/SC,0.0
Desastres geo-hidrológicos,60008,Gestão de risco de desastre,2015,,Presente,verylow,Muito baixo,#F40000,3165,Santa Rosa do Tocantins/TO,0.0
Desastres geo-hidrológicos,60008,Gestão de risco de desastre,2015,,Presente,verylow,Muito baixo,#F40000,4154,Santa Teresinha/PB,0.0
Desastres geo-hidrológicos,60008,Gestão de risco de desastre,2015,,Presente,verylow,Muito baixo,#F40000,4890,Santa Tereza de Goiás/GO,0.0
Desastres geo-hidrológicos,60008,Gestão de risco de desastre,2015,,Presente,verylow,Muito baixo,#F40000,3166,Santa Tereza do Tocantins/TO,0.0
Desastres geo-hidrológicos,60008,Gestão de risco de desastre,2015,,Presente,verylow,Muito baixo,#F40000,421,Santa Tereza/RS,0.0
Desastres geo-hidrológicos,60008,Gestão de risco de desastre,2015,,Presente,verylow,Muito baixo,#F40000,4811,Santa Terezinha/BA,0.0
Desastres geo-hidrológicos,60008,Gestão de risco de desastre,2015,,Presente,verylow,Muito baixo,#F40000,104,Santa Terezinha do Progresso/SC,0.0
Desastres geo-hidrológicos,60008,Gestão de risco de desastre,2015,,Presente,verylow,Muito baixo,#F40000,3167,Santa Terezinha do Tocantins/TO,0.0
Desastres geo-hidrológicos,60008,Gestão de risco de desastre,2015,,Presente,verylow,Muito baixo,#F40000,2525,Santa Terezinha/SC,0.0
Desastres geo-hidrológicos,60008,Gestão de risco de desastre,2015,,Presente,verylow,Muito baixo,#F40000,423,Santiago/RS,0.0
Desastres geo-hidrológicos,60008,Gestão de risco de desastre,2015,,Presente,verylow,Muito baixo,#F40000,22,Santo Anastácio/SP,0.0
Desastres geo-hidrológicos,60008,Gestão de risco de desastre,2015,,Presente,verylow,Muito baixo,#F40000,4155,Santo André/PB,0.0
Desastres geo-hidrológicos,60008,Gestão de risco de desastre,2015,,Presente,verylow,Muito baixo,#F40000,2792,Santo Antônio da Barra/GO,0.0
Desastres geo-hidrológicos,60008,Gestão de risco de desastre,2015,,Presente,verylow,Muito baixo,#F40000,2622,Santo Antônio da Patrulha/RS,0.0
Desastres geo-hidrológicos,60008,Gestão de risco de desastre,2015,,Presente,verylow,Muito baixo,#F40000,5410,Santo Antônio da Platina/PR,0.0
Desastres geo-hidrológicos,60008,Gestão de risco de desastre,2015,,Presente,verylow,Muito baixo,#F40000,4813,Santo Antônio de Jesus/BA,0.0
Desastres geo-hidrológicos,60008,Gestão de risco de desastre,2015,,Presente,verylow,Muito baixo,#F40000,3584,Santo Antônio de Lisboa/PI,0.0
Desastres geo-hidrológicos,60008,Gestão de risco de desastre,2015,,Presente,verylow,Muito baixo,#F40000,2276,Santo Antônio de Posse/SP,0.0
Desastres geo-hidrológicos,60008,Gestão de risco de desastre,2015,,Presente,verylow,Muito baixo,#F40000,1450,Santo Antônio do Amparo/MG,0.0
Desastres geo-hidrológicos,60008,Gestão de risco de desastre,2015,,Presente,verylow,Muito baixo,#F40000,2277,Santo Antônio do Aracanguá/SP,0.0
Desastres geo-hidrológicos,60008,Gestão de risco de desastre,2015,,Presente,verylow,Muito baixo,#F40000,5270,Santo Antônio do Caiuá/PR,0.0
Desastres geo-hidrológicos,60008,Gestão de risco de desastre,2015,,Presente,verylow,Muito baixo,#F40000,2794,Santo Antônio do Descoberto/GO,0.0
Desastres geo-hidrológicos,60008,Gestão de risco de desastre,2015,,Presente,verylow,Muito baixo,#F40000,1452,Santo Antônio do Grama/MG,0.0
Desastres geo-hidrológicos,60008,Gestão de risco de desastre,2015,,Presente,verylow,Muito baixo,#F40000,1454,Santo Antônio do Jacinto/MG,0.0
Desastres geo-hidrológicos,60008,Gestão de risco de desastre,2015,,Presente,verylow,Muito baixo,#F40000,652,Santo Antônio do Leste/MT,0.0
Desastres geo-hidrológicos,60008,Gestão de risco de desastre,2015,,Presente,verylow,Muito baixo,#F40000,653,Santo Antônio do Leverger/MT,0.0
Desastres geo-hidrológicos,60008,Gestão de risco de desastre,2015,,Presente,verylow,Muito baixo,#F40000,1455,Santo Antônio do Monte/MG,0.0
Desastres geo-hidrológicos,60008,Gestão de risco de desastre,2015,,Presente,verylow,Muito baixo,#F40000,425,Santo Antônio do Palma/RS,0.0
Desastres geo-hidrológicos,60008,Gestão de risco de desastre,2015,,Presente,verylow,Muito baixo,#F40000,2279,Santo Antônio do Pinhal/SP,0.0
Desastres geo-hidrológicos,60008,Gestão de risco de desastre,2015,,Presente,verylow,Muito baixo,#F40000,1456,Santo Antônio do Retiro/MG,0.0
Desastres geo-hidrológicos,60008,Gestão de risco de desastre,2015,,Presente,verylow,Muito baixo,#F40000,1457,Santo Antônio do Rio Abaixo/MG,0.0
Desastres geo-hidrológicos,60008,Gestão de risco de desastre,2015,,Presente,verylow,Muito baixo,#F40000,3024,Santo Antônio do Tauá/PA,0.0
Desastres geo-hidrológicos,60008,Gestão de risco de desastre,2015,,Presente,verylow,Muito baixo,#F40000,3937,Santo Antônio/RN,0.0
Desastres geo-hidrológicos,60008,Gestão de risco de desastre,2015,,Presente,verylow,Muito baixo,#F40000,428,Santo Augusto/RS,0.0
Desastres geo-hidrológicos,60008,Gestão de risco de desastre,2015,,Presente,verylow,Muito baixo,#F40000,429,Santo Cristo/RS,0.0
Desastres geo-hidrológicos,60008,Gestão de risco de desastre,2015,,Presente,verylow,Muito baixo,#F40000,4814,Santo Estêvão/BA,0.0
Desastres geo-hidrológicos,60008,Gestão de risco de desastre,2015,,Presente,verylow,Muito baixo,#F40000,430,Santo Expedito do Sul/RS,0.0
Desastres geo-hidrológicos,60008,Gestão de risco de desastre,2015,,Presente,verylow,Muito baixo,#F40000,1458,Santo Hipólito/MG,0.0
Desastres geo-hidrológicos,60008,Gestão de risco de desastre,2015,,Presente,verylow,Muito baixo,#F40000,3586,Santo Inácio do Piauí/PI,0.0
Desastres geo-hidrológicos,60008,Gestão de risco de desastre,2015,,Presente,verylow,Muito baixo,#F40000,3788,São Benedito/CE,0.0
Desastres geo-hidrológicos,60008,Gestão de risco de desastre,2015,,Presente,verylow,Muito baixo,#F40000,3357,São Benedito do Rio Preto/MA,0.0
Desastres geo-hidrológicos,60008,Gestão de risco de desastre,2015,,Presente,verylow,Muito baixo,#F40000,4157,São Bentinho/PB,0.0
Desastres geo-hidrológicos,60008,Gestão de risco de desastre,2015,,Presente,verylow,Muito baixo,#F40000,1460,São Bento Abade/MG,0.0
Desastres geo-hidrológicos,60008,Gestão de risco de desastre,2015,,Presente,verylow,Muito baixo,#F40000,3938,São Bento do Norte/RN,0.0
Desastres geo-hidrológicos,60008,Gestão de risco de desastre,2015,,Presente,verylow,Muito baixo,#F40000,3168,São Bento do Tocantins/TO,0.0
Desastres geo-hidrológicos,60008,Gestão de risco de desastre,2015,,Presente,verylow,Muito baixo,#F40000,3939,São Bento do Trairí/RN,0.0
Desastres geo-hidrológicos,60008,Gestão de risco de desastre,2015,,Presente,verylow,Muito baixo,#F40000,4350,São Bento do Una/PE,0.0
Desastres geo-hidrológicos,60008,Gestão de risco de desastre,2015,,Presente,verylow,Muito baixo,#F40000,3358,São Bento/MA,0.0
Desastres geo-hidrológicos,60008,Gestão de risco de desastre,2015,,Presente,verylow,Muito baixo,#F40000,106,São Bernardino/SC,0.0
Desastres geo-hidrológicos,60008,Gestão de risco de desastre,2015,,Presente,verylow,Muito baixo,#F40000,2528,São Bonifácio/SC,0.0
Desastres geo-hidrológicos,60008,Gestão de risco de desastre,2015,,Presente,verylow,Muito baixo,#F40000,431,São Borja/RS,0.0
Desastres geo-hidrológicos,60008,Gestão de risco de desastre,2015,,Presente,verylow,Muito baixo,#F40000,4474,São Brás/AL,0.0
Desastres geo-hidrológicos,60008,Gestão de risco de desastre,2015,,Presente,verylow,Muito baixo,#F40000,3587,São Braz do Piauí/PI,0.0
Desastres geo-hidrológicos,60008,Gestão de risco de desastre,2015,,Presente,verylow,Muito baixo,#F40000,2284,São Caetano do Sul/SP,0.0
Desastres geo-hidrológicos,60008,Gestão de risco de desastre,2015,,Presente,verylow,Muito baixo,#F40000,4351,São Caitano/PE,0.0
Desastres geo-hidrológicos,60008,Gestão de risco de desastre,2015,,Presente,verylow,Muito baixo,#F40000,107,São Carlos/SC,0.0
Desastres geo-hidrológicos,60008,Gestão de risco de desastre,2015,,Presente,verylow,Muito baixo,#F40000,4816,São Domingos/BA,0.0
Desastres geo-hidrológicos,60008,Gestão de risco de desastre,2015,,Presente,verylow,Muito baixo,#F40000,3026,São Domingos do Araguaia/PA,0.0
Desastres geo-hidrológicos,60008,Gestão de risco de desastre,2015,,Presente,verylow,Muito baixo,#F40000,3360,São Domingos do Azeitão/MA,0.0
Desastres geo-hidrológicos,60008,Gestão de risco de desastre,2015,,Presente,verylow,Muito baixo,#F40000,4158,São Domingos do Cariri/PB,0.0
Desastres geo-hidrológicos,60008,Gestão de risco de desastre,2015,,Presente,verylow,Muito baixo,#F40000,3361,São Domingos do Maranhão/MA,0.0
Desastres geo-hidrológicos,60008,Gestão de risco de desastre,2015,,Presente,verylow,Muito baixo,#F40000,1463,São Domingos do Prata/MG,0.0
Desastres geo-hidrológicos,60008,Gestão de risco de desastre,2015,,Presente,verylow,Muito baixo,#F40000,4159,São Domingos/PB,0.0
Desastres geo-hidrológicos,60008,Gestão de risco de desastre,2015,,Presente,verylow,Muito baixo,#F40000,4819,São Felipe/BA,0.0
Desastres geo-hidrológicos,60008,Gestão de risco de desastre,2015,,Presente,verylow,Muito baixo,#F40000,5057,São Félix do Araguaia/MT,0.0
Desastres geo-hidrológicos,60008,Gestão de risco de desastre,2015,,Presente,verylow,Muito baixo,#F40000,4818,São Félix do Coribe/BA,0.0
Desastres geo-hidrológicos,60008,Gestão de risco de desastre,2015,,Presente,verylow,Muito baixo,#F40000,3588,São Félix do Piauí/PI,0.0
Desastres geo-hidrológicos,60008,Gestão de risco de desastre,2015,,Presente,verylow,Muito baixo,#F40000,3169,São Félix do Tocantins/TO,0.0
Desastres geo-hidrológicos,60008,Gestão de risco de desastre,2015,,Presente,verylow,Muito baixo,#F40000,5036,São Félix do Xingu/PA,0.0
Desastres geo-hidrológicos,60008,Gestão de risco de desastre,2015,,Presente,verylow,Muito baixo,#F40000,433,São Francisco de Assis/RS,0.0
Desastres geo-hidrológicos,60008,Gestão de risco de desastre,2015,,Presente,verylow,Muito baixo,#F40000,2795,São Francisco de Goiás/GO,0.0
Desastres geo-hidrológicos,60008,Gestão de risco de desastre,2015,,Presente,verylow,Muito baixo,#F40000,1467,São Francisco de Sales/MG,0.0
Desastres geo-hidrológicos,60008,Gestão de risco de desastre,2015,,Presente,verylow,Muito baixo,#F40000,4820,São Francisco do Conde/BA,0.0
Desastres geo-hidrológicos,60008,Gestão de risco de desastre,2015,,Presente,verylow,Muito baixo,#F40000,1468,São Francisco do Glória/MG,0.0
Desastres geo-hidrológicos,60008,Gestão de risco de desastre,2015,,Presente,verylow,Muito baixo,#F40000,5566,São Francisco do Guaporé/RO,0.0
Desastres geo-hidrológicos,60008,Gestão de risco de desastre,2015,,Presente,verylow,Muito baixo,#F40000,3364,São Francisco do Maranhão/MA,0.0
Desastres geo-hidrológicos,60008,Gestão de risco de desastre,2015,,Presente,verylow,Muito baixo,#F40000,3941,São Francisco do Oeste/RN,0.0
Desastres geo-hidrológicos,60008,Gestão de risco de desastre,2015,,Presente,verylow,Muito baixo,#F40000,3028,São Francisco do Pará/PA,0.0
Desastres geo-hidrológicos,60008,Gestão de risco de desastre,2015,,Presente,verylow,Muito baixo,#F40000,3590,São Francisco do Piauí/PI,0.0
Desastres geo-hidrológicos,60008,Gestão de risco de desastre,2015,,Presente,verylow,Muito baixo,#F40000,2530,São Francisco do Sul/SC,0.0
Desastres geo-hidrológicos,60008,Gestão de risco de desastre,2015,,Presente,verylow,Muito baixo,#F40000,4556,São Francisco/SE,0.0
Desastres geo-hidrológicos,60008,Gestão de risco de desastre,2015,,Presente,verylow,Muito baixo,#F40000,4821,São Gabriel/BA,0.0
Desastres geo-hidrológicos,60008,Gestão de risco de desastre,2015,,Presente,verylow,Muito baixo,#F40000,434,São Gabriel/RS,0.0
Desastres geo-hidrológicos,60008,Gestão de risco de desastre,2015,,Presente,verylow,Muito baixo,#F40000,3029,São Geraldo do Araguaia/PA,0.0
Desastres geo-hidrológicos,60008,Gestão de risco de desastre,2015,,Presente,verylow,Muito baixo,#F40000,1471,São Geraldo do Baixio/MG,0.0
Desastres geo-hidrológicos,60008,Gestão de risco de desastre,2015,,Presente,verylow,Muito baixo,#F40000,1469,São Geraldo/MG,0.0
Desastres geo-hidrológicos,60008,Gestão de risco de desastre,2015,,Presente,verylow,Muito baixo,#F40000,1472,São Gonçalo do Abaeté/MG,0.0
Desastres geo-hidrológicos,60008,Gestão de risco de desastre,2015,,Presente,verylow,Muito baixo,#F40000,3789,São Gonçalo do Amarante/CE,0.0
Desastres geo-hidrológicos,60008,Gestão de risco de desastre,2015,,Presente,verylow,Muito baixo,#F40000,3591,São Gonçalo do Gurguéia/PI,0.0
Desastres geo-hidrológicos,60008,Gestão de risco de desastre,2015,,Presente,verylow,Muito baixo,#F40000,1473,São Gonçalo do Pará/MG,0.0
Desastres geo-hidrológicos,60008,Gestão de risco de desastre,2015,,Presente,verylow,Muito baixo,#F40000,1474,São Gonçalo do Rio Abaixo/MG,0.0
Desastres geo-hidrológicos,60008,Gestão de risco de desastre,2015,,Presente,verylow,Muito baixo,#F40000,1037,São Gonçalo do Rio Preto/MG,0.0
Desastres geo-hidrológicos,60008,Gestão de risco de desastre,2015,,Presente,verylow,Muito baixo,#F40000,1475,São Gonçalo do Sapucaí/MG,0.0
Desastres geo-hidrológicos,60008,Gestão de risco de desastre,2015,,Presente,verylow,Muito baixo,#F40000,4822,São Gonçalo dos Campos/BA,0.0
Desastres geo-hidrológicos,60008,Gestão de risco de desastre,2015,,Presente,verylow,Muito baixo,#F40000,1476,São Gotardo/MG,0.0
Desastres geo-hidrológicos,60008,Gestão de risco de desastre,2015,,Presente,verylow,Muito baixo,#F40000,1477,São João Batista do Glória/MG,0.0
Desastres geo-hidrológicos,60008,Gestão de risco de desastre,2015,,Presente,verylow,Muito baixo,#F40000,3365,São João Batista/MA,0.0
Desastres geo-hidrológicos,60008,Gestão de risco de desastre,2015,,Presente,verylow,Muito baixo,#F40000,1757,São João da Barra/RJ,0.0
Desastres geo-hidrológicos,60008,Gestão de risco de desastre,2015,,Presente,verylow,Muito baixo,#F40000,3593,São João da Canabrava/PI,0.0
Desastres geo-hidrológicos,60008,Gestão de risco de desastre,2015,,Presente,verylow,Muito baixo,#F40000,3594,São João da Fronteira/PI,0.0
Desastres geo-hidrológicos,60008,Gestão de risco de desastre,2015,,Presente,verylow,Muito baixo,#F40000,1478,São João da Lagoa/MG,0.0
Desastres geo-hidrológicos,60008,Gestão de risco de desastre,2015,,Presente,verylow,Muito baixo,#F40000,5026,São João d'Aliança/GO,0.0
Desastres geo-hidrológicos,60008,Gestão de risco de desastre,2015,,Presente,verylow,Muito baixo,#F40000,2796,São João da Paraúna/GO,0.0
Desastres geo-hidrológicos,60008,Gestão de risco de desastre,2015,,Presente,verylow,Muito baixo,#F40000,3030,São João da Ponta/PA,0.0
Desastres geo-hidrológicos,60008,Gestão de risco de desastre,2015,,Presente,verylow,Muito baixo,#F40000,1480,São João da Ponte/MG,0.0
Desastres geo-hidrológicos,60008,Gestão de risco de desastre,2015,,Presente,verylow,Muito baixo,#F40000,2288,São João das Duas Pontes/SP,0.0
Desastres geo-hidrológicos,60008,Gestão de risco de desastre,2015,,Presente,verylow,Muito baixo,#F40000,3595,São João da Serra/PI,0.0
Desastres geo-hidrológicos,60008,Gestão de risco de desastre,2015,,Presente,verylow,Muito baixo,#F40000,1481,São João das Missões/MG,0.0
Desastres geo-hidrológicos,60008,Gestão de risco de desastre,2015,,Presente,verylow,Muito baixo,#F40000,2289,São João de Iracema/SP,0.0
Desastres geo-hidrológicos,60008,Gestão de risco de desastre,2015,,Presente,verylow,Muito baixo,#F40000,3031,São João de Pirabas/PA,0.0
Desastres geo-hidrológicos,60008,Gestão de risco de desastre,2015,,Presente,verylow,Muito baixo,#F40000,3032,São João do Araguaia/PA,0.0
Desastres geo-hidrológicos,60008,Gestão de risco de desastre,2015,,Presente,verylow,Muito baixo,#F40000,3597,São João do Arraial/PI,0.0
Desastres geo-hidrológicos,60008,Gestão de risco de desastre,2015,,Presente,verylow,Muito baixo,#F40000,4161,São João do Cariri/PB,0.0
Desastres geo-hidrológicos,60008,Gestão de risco de desastre,2015,,Presente,verylow,Muito baixo,#F40000,3366,São João do Carú/MA,0.0
Desastres geo-hidrológicos,60008,Gestão de risco de desastre,2015,,Presente,verylow,Muito baixo,#F40000,3790,São João do Jaguaribe/CE,0.0
Desastres geo-hidrológicos,60008,Gestão de risco de desastre,2015,,Presente,verylow,Muito baixo,#F40000,1483,São João do Manhuaçu/MG,0.0
Desastres geo-hidrológicos,60008,Gestão de risco de desastre,2015,,Presente,verylow,Muito baixo,#F40000,109,São João do Oeste/SC,0.0
Desastres geo-hidrológicos,60008,Gestão de risco de desastre,2015,,Presente,verylow,Muito baixo,#F40000,1485,São João do Oriente/MG,0.0
Desastres geo-hidrológicos,60008,Gestão de risco de desastre,2015,,Presente,verylow,Muito baixo,#F40000,3367,São João do Paraíso/MA,0.0
Desastres geo-hidrológicos,60008,Gestão de risco de desastre,2015,,Presente,verylow,Muito baixo,#F40000,1487,São João do Paraíso/MG,0.0
Desastres geo-hidrológicos,60008,Gestão de risco de desastre,2015,,Presente,verylow,Muito baixo,#F40000,23,São João do Pau d'Alho/SP,0.0
Desastres geo-hidrológicos,60008,Gestão de risco de desastre,2015,,Presente,verylow,Muito baixo,#F40000,3987,São João do Rio do Peixe/PB,0.0
Desastres geo-hidrológicos,60008,Gestão de risco de desastre,2015,,Presente,verylow,Muito baixo,#F40000,3943,São João do Sabugi/RN,0.0
Desastres geo-hidrológicos,60008,Gestão de risco de desastre,2015,,Presente,verylow,Muito baixo,#F40000,3369,São João dos Patos/MA,0.0
Desastres geo-hidrológicos,60008,Gestão de risco de desastre,2015,,Presente,verylow,Muito baixo,#F40000,2533,São João do Sul/SC,0.0
Desastres geo-hidrológicos,60008,Gestão de risco de desastre,2015,,Presente,verylow,Muito baixo,#F40000,1488,São João Evangelista/MG,0.0
Desastres geo-hidrológicos,60008,Gestão de risco de desastre,2015,,Presente,verylow,Muito baixo,#F40000,4352,São João/PE,0.0
Desastres geo-hidrológicos,60008,Gestão de risco de desastre,2015,,Presente,verylow,Muito baixo,#F40000,438,São Jorge/RS,0.0
Desastres geo-hidrológicos,60008,Gestão de risco de desastre,2015,,Presente,verylow,Muito baixo,#F40000,1491,São José da Barra/MG,0.0
Desastres geo-hidrológicos,60008,Gestão de risco de desastre,2015,,Presente,verylow,Muito baixo,#F40000,2291,São José da Bela Vista/SP,0.0
Desastres geo-hidrológicos,60008,Gestão de risco de desastre,2015,,Presente,verylow,Muito baixo,#F40000,4163,São José da Lagoa Tapada/PB,0.0
Desastres geo-hidrológicos,60008,Gestão de risco de desastre,2015,,Presente,verylow,Muito baixo,#F40000,1492,São José da Lapa/MG,0.0
Desastres geo-hidrológicos,60008,Gestão de risco de desastre,2015,,Presente,verylow,Muito baixo,#F40000,1493,São José da Safira/MG,0.0
Desastres geo-hidrológicos,60008,Gestão de risco de desastre,2015,,Presente,verylow,Muito baixo,#F40000,439,São José das Missões/RS,0.0
Desastres geo-hidrológicos,60008,Gestão de risco de desastre,2015,,Presente,verylow,Muito baixo,#F40000,4476,São José da Tapera/AL,0.0
Desastres geo-hidrológicos,60008,Gestão de risco de desastre,2015,,Presente,verylow,Muito baixo,#F40000,1494,São José da Varginha/MG,0.0
Desastres geo-hidrológicos,60008,Gestão de risco de desastre,2015,,Presente,verylow,Muito baixo,#F40000,745,São José da Vitória/BA,0.0
Desastres geo-hidrológicos,60008,Gestão de risco de desastre,2015,,Presente,verylow,Muito baixo,#F40000,4164,São José de Caiana/PB,0.0
Desastres geo-hidrológicos,60008,Gestão de risco de desastre,2015,,Presente,verylow,Muito baixo,#F40000,4165,São José de Espinharas/PB,0.0
Desastres geo-hidrológicos,60008,Gestão de risco de desastre,2015,,Presente,verylow,Muito baixo,#F40000,4167,São José de Piranhas/PB,0.0
Desastres geo-hidrológicos,60008,Gestão de risco de desastre,2015,,Presente,verylow,Muito baixo,#F40000,4168,São José de Princesa/PB,0.0
Desastres geo-hidrológicos,60008,Gestão de risco de desastre,2015,,Presente,verylow,Muito baixo,#F40000,1495,São José do Alegre/MG,0.0
Desastres geo-hidrológicos,60008,Gestão de risco de desastre,2015,,Presente,verylow,Muito baixo,#F40000,2292,São José do Barreiro/SP,0.0
Desastres geo-hidrológicos,60008,Gestão de risco de desastre,2015,,Presente,verylow,Muito baixo,#F40000,4355,São José do Belmonte/PE,0.0
Desastres geo-hidrológicos,60008,Gestão de risco de desastre,2015,,Presente,verylow,Muito baixo,#F40000,4169,São José do Bonfim/PB,0.0
Desastres geo-hidrológicos,60008,Gestão de risco de desastre,2015,,Presente,verylow,Muito baixo,#F40000,4170,São José do Brejo do Cruz/PB,0.0
Desastres geo-hidrológicos,60008,Gestão de risco de desastre,2015,,Presente,verylow,Muito baixo,#F40000,1496,São José do Divino/MG,0.0
Desastres geo-hidrológicos,60008,Gestão de risco de desastre,2015,,Presente,verylow,Muito baixo,#F40000,4356,São José do Egito/PE,0.0
Desastres geo-hidrológicos,60008,Gestão de risco de desastre,2015,,Presente,verylow,Muito baixo,#F40000,440,São José do Herval/RS,0.0
Desastres geo-hidrológicos,60008,Gestão de risco de desastre,2015,,Presente,verylow,Muito baixo,#F40000,2624,São José do Hortêncio/RS,0.0
Desastres geo-hidrológicos,60008,Gestão de risco de desastre,2015,,Presente,verylow,Muito baixo,#F40000,441,São José do Inhacorá/RS,0.0
Desastres geo-hidrológicos,60008,Gestão de risco de desastre,2015,,Presente,verylow,Muito baixo,#F40000,4823,São José do Jacuípe/BA,0.0
Desastres geo-hidrológicos,60008,Gestão de risco de desastre,2015,,Presente,verylow,Muito baixo,#F40000,1499,São José do Mantimento/MG,0.0
Desastres geo-hidrológicos,60008,Gestão de risco de desastre,2015,,Presente,verylow,Muito baixo,#F40000,3600,São José do Peixe/PI,0.0
Desastres geo-hidrológicos,60008,Gestão de risco de desastre,2015,,Presente,verylow,Muito baixo,#F40000,2294,São José do Rio Preto/SP,0.0
Desastres geo-hidrológicos,60008,Gestão de risco de desastre,2015,,Presente,verylow,Muito baixo,#F40000,4171,São José do Sabugi/PB,0.0
Desastres geo-hidrológicos,60008,Gestão de risco de desastre,2015,,Presente,verylow,Muito baixo,#F40000,3371,São José dos Basílios/MA,0.0
Desastres geo-hidrológicos,60008,Gestão de risco de desastre,2015,,Presente,verylow,Muito baixo,#F40000,4172,São José dos Cordeiros/PB,0.0
Desastres geo-hidrológicos,60008,Gestão de risco de desastre,2015,,Presente,verylow,Muito baixo,#F40000,3946,São José do Seridó/RN,0.0
Desastres geo-hidrológicos,60008,Gestão de risco de desastre,2015,,Presente,verylow,Muito baixo,#F40000,643,São José dos Quatro Marcos/MT,0.0
Desastres geo-hidrológicos,60008,Gestão de risco de desastre,2015,,Presente,verylow,Muito baixo,#F40000,4166,São José dos Ramos/PB,0.0
Desastres geo-hidrológicos,60008,Gestão de risco de desastre,2015,,Presente,verylow,Muito baixo,#F40000,443,São José do Sul/RS,0.0
Desastres geo-hidrológicos,60008,Gestão de risco de desastre,2015,,Presente,verylow,Muito baixo,#F40000,3602,São Julião/PI,0.0
Desastres geo-hidrológicos,60008,Gestão de risco de desastre,2015,,Presente,verylow,Muito baixo,#F40000,3603,São Lourenço do Piauí/PI,0.0
Desastres geo-hidrológicos,60008,Gestão de risco de desastre,2015,,Presente,verylow,Muito baixo,#F40000,1500,São Lourenço/MG,0.0
Desastres geo-hidrológicos,60008,Gestão de risco de desastre,2015,,Presente,verylow,Muito baixo,#F40000,3791,São Luís do Curu/CE,0.0
Desastres geo-hidrológicos,60008,Gestão de risco de desastre,2015,,Presente,verylow,Muito baixo,#F40000,2297,São Luiz do Paraitinga/SP,0.0
Desastres geo-hidrológicos,60008,Gestão de risco de desastre,2015,,Presente,verylow,Muito baixo,#F40000,445,São Luiz Gonzaga/RS,0.0
Desastres geo-hidrológicos,60008,Gestão de risco de desastre,2015,,Presente,verylow,Muito baixo,#F40000,2856,São Luiz/RR,0.0
Desastres geo-hidrológicos,60008,Gestão de risco de desastre,2015,,Presente,verylow,Muito baixo,#F40000,4173,São Mamede/PB,0.0
Desastres geo-hidrológicos,60008,Gestão de risco de desastre,2015,,Presente,verylow,Muito baixo,#F40000,446,São Martinho/RS,0.0
Desastres geo-hidrológicos,60008,Gestão de risco de desastre,2015,,Presente,verylow,Muito baixo,#F40000,3605,São Miguel da Baixa Grande/PI,0.0
Desastres geo-hidrológicos,60008,Gestão de risco de desastre,2015,,Presente,verylow,Muito baixo,#F40000,112,São Miguel da Boa Vista/SC,0.0
Desastres geo-hidrológicos,60008,Gestão de risco de desastre,2015,,Presente,verylow,Muito baixo,#F40000,448,São Miguel das Missões/RS,0.0
Desastres geo-hidrológicos,60008,Gestão de risco de desastre,2015,,Presente,verylow,Muito baixo,#F40000,4174,São Miguel de Taipu/PB,0.0
Desastres geo-hidrológicos,60008,Gestão de risco de desastre,2015,,Presente,verylow,Muito baixo,#F40000,4557,São Miguel do Aleixo/SE,0.0
Desastres geo-hidrológicos,60008,Gestão de risco de desastre,2015,,Presente,verylow,Muito baixo,#F40000,4892,São Miguel do Araguaia/GO,0.0
Desastres geo-hidrológicos,60008,Gestão de risco de desastre,2015,,Presente,verylow,Muito baixo,#F40000,3948,São Miguel do Gostoso/RN,0.0
Desastres geo-hidrológicos,60008,Gestão de risco de desastre,2015,,Presente,verylow,Muito baixo,#F40000,5543,São Miguel do Guaporé/RO,0.0
Desastres geo-hidrológicos,60008,Gestão de risco de desastre,2015,,Presente,verylow,Muito baixo,#F40000,2799,São Miguel do Passa Quatro/GO,0.0
Desastres geo-hidrológicos,60008,Gestão de risco de desastre,2015,,Presente,verylow,Muito baixo,#F40000,3607,São Miguel do Tapuio/PI,0.0
Desastres geo-hidrológicos,60008,Gestão de risco de desastre,2015,,Presente,verylow,Muito baixo,#F40000,3947,São Miguel/RN,0.0
Desastres geo-hidrológicos,60008,Gestão de risco de desastre,2015,,Presente,verylow,Muito baixo,#F40000,450,São Paulo das Missões/RS,0.0
Desastres geo-hidrológicos,60008,Gestão de risco de desastre,2015,,Presente,verylow,Muito baixo,#F40000,3949,São Paulo do Potengi/RN,0.0
Desastres geo-hidrológicos,60008,Gestão de risco de desastre,2015,,Presente,verylow,Muito baixo,#F40000,3375,São Pedro da Água Branca/MA,0.0
Desastres geo-hidrológicos,60008,Gestão de risco de desastre,2015,,Presente,verylow,Muito baixo,#F40000,649,São Pedro da Cipa/MT,0.0
Desastres geo-hidrológicos,60008,Gestão de risco de desastre,2015,,Presente,verylow,Muito baixo,#F40000,1502,São Pedro da União/MG,0.0
Desastres geo-hidrológicos,60008,Gestão de risco de desastre,2015,,Presente,verylow,Muito baixo,#F40000,2539,São Pedro de Alcântara/SC,0.0
Desastres geo-hidrológicos,60008,Gestão de risco de desastre,2015,,Presente,verylow,Muito baixo,#F40000,3376,São Pedro dos Crentes/MA,0.0
Desastres geo-hidrológicos,60008,Gestão de risco de desastre,2015,,Presente,verylow,Muito baixo,#F40000,1503,São Pedro dos Ferros/MG,0.0
Desastres geo-hidrológicos,60008,Gestão de risco de desastre,2015,,Presente,verylow,Muito baixo,#F40000,3951,São Rafael/RN,0.0
Desastres geo-hidrológicos,60008,Gestão de risco de desastre,2015,,Presente,verylow,Muito baixo,#F40000,3377,São Raimundo das Mangabeiras/MA,0.0
Desastres geo-hidrológicos,60008,Gestão de risco de desastre,2015,,Presente,verylow,Muito baixo,#F40000,3378,São Raimundo do Doca Bezerra/MA,0.0
Desastres geo-hidrológicos,60008,Gestão de risco de desastre,2015,,Presente,verylow,Muito baixo,#F40000,3609,São Raimundo Nonato/PI,0.0
Desastres geo-hidrológicos,60008,Gestão de risco de desastre,2015,,Presente,verylow,Muito baixo,#F40000,3379,São Roberto/MA,0.0
Desastres geo-hidrológicos,60008,Gestão de risco de desastre,2015,,Presente,verylow,Muito baixo,#F40000,1506,São Roque de Minas/MG,0.0
Desastres geo-hidrológicos,60008,Gestão de risco de desastre,2015,,Presente,verylow,Muito baixo,#F40000,3171,São Salvador do Tocantins/TO,0.0
Desastres geo-hidrológicos,60008,Gestão de risco de desastre,2015,,Presente,verylow,Muito baixo,#F40000,4480,São Sebastião/AL,0.0
Desastres geo-hidrológicos,60008,Gestão de risco de desastre,2015,,Presente,verylow,Muito baixo,#F40000,5417,São Sebastião da Amoreira/PR,0.0
Desastres geo-hidrológicos,60008,Gestão de risco de desastre,2015,,Presente,verylow,Muito baixo,#F40000,1507,São Sebastião da Bela Vista/MG,0.0
Desastres geo-hidrológicos,60008,Gestão de risco de desastre,2015,,Presente,verylow,Muito baixo,#F40000,2305,São Sebastião da Grama/SP,0.0
Desastres geo-hidrológicos,60008,Gestão de risco de desastre,2015,,Presente,verylow,Muito baixo,#F40000,1508,São Sebastião da Vargem Alegre/MG,0.0
Desastres geo-hidrológicos,60008,Gestão de risco de desastre,2015,,Presente,verylow,Muito baixo,#F40000,4175,São Sebastião de Lagoa de Roça/PB,0.0
Desastres geo-hidrológicos,60008,Gestão de risco de desastre,2015,,Presente,verylow,Muito baixo,#F40000,1509,São Sebastião do Anta/MG,0.0
Desastres geo-hidrológicos,60008,Gestão de risco de desastre,2015,,Presente,verylow,Muito baixo,#F40000,1510,São Sebastião do Maranhão/MG,0.0
Desastres geo-hidrológicos,60008,Gestão de risco de desastre,2015,,Presente,verylow,Muito baixo,#F40000,1511,São Sebastião do Oeste/MG,0.0
Desastres geo-hidrológicos,60008,Gestão de risco de desastre,2015,,Presente,verylow,Muito baixo,#F40000,1512,São Sebastião do Paraíso/MG,0.0
Desastres geo-hidrológicos,60008,Gestão de risco de desastre,2015,,Presente,verylow,Muito baixo,#F40000,4825,São Sebastião do Passé/BA,0.0
Desastres geo-hidrológicos,60008,Gestão de risco de desastre,2015,,Presente,verylow,Muito baixo,#F40000,1513,São Sebastião do Rio Preto/MG,0.0
Desastres geo-hidrológicos,60008,Gestão de risco de desastre,2015,,Presente,verylow,Muito baixo,#F40000,1514,São Sebastião do Rio Verde/MG,0.0
Desastres geo-hidrológicos,60008,Gestão de risco de desastre,2015,,Presente,verylow,Muito baixo,#F40000,5512,São Sebastião do Uatumã/AM,0.0
Desastres geo-hidrológicos,60008,Gestão de risco de desastre,2015,,Presente,verylow,Muito baixo,#F40000,4176,São Sebastião do Umbuzeiro/PB,0.0
Desastres geo-hidrológicos,60008,Gestão de risco de desastre,2015,,Presente,verylow,Muito baixo,#F40000,2801,São Simão/GO,0.0
Desastres geo-hidrológicos,60008,Gestão de risco de desastre,2015,,Presente,verylow,Muito baixo,#F40000,2306,São Simão/SP,0.0
Desastres geo-hidrológicos,60008,Gestão de risco de desastre,2015,,Presente,verylow,Muito baixo,#F40000,1515,São Tiago/MG,0.0
Desastres geo-hidrológicos,60008,Gestão de risco de desastre,2015,,Presente,verylow,Muito baixo,#F40000,1516,São Tomás de Aquino/MG,0.0
Desastres geo-hidrológicos,60008,Gestão de risco de desastre,2015,,Presente,verylow,Muito baixo,#F40000,1517,São Tomé das Letras/MG,0.0
Desastres geo-hidrológicos,60008,Gestão de risco de desastre,2015,,Presente,verylow,Muito baixo,#F40000,3952,São Tomé/RN,0.0
Desastres geo-hidrológicos,60008,Gestão de risco de desastre,2015,,Presente,verylow,Muito baixo,#F40000,457,São Valentim do Sul/RS,0.0
Desastres geo-hidrológicos,60008,Gestão de risco de desastre,2015,,Presente,verylow,Muito baixo,#F40000,458,São Valério do Sul/RS,0.0
Desastres geo-hidrológicos,60008,Gestão de risco de desastre,2015,,Presente,verylow,Muito baixo,#F40000,3173,São Valério/TO,0.0
Desastres geo-hidrológicos,60008,Gestão de risco de desastre,2015,,Presente,verylow,Muito baixo,#F40000,1518,São Vicente de Minas/MG,0.0
Desastres geo-hidrológicos,60008,Gestão de risco de desastre,2015,,Presente,verylow,Muito baixo,#F40000,3380,São Vicente Ferrer/MA,0.0
Desastres geo-hidrológicos,60008,Gestão de risco de desastre,2015,,Presente,verylow,Muito baixo,#F40000,3953,São Vicente/RN,0.0
Desastres geo-hidrológicos,60008,Gestão de risco de desastre,2015,,Presente,verylow,Muito baixo,#F40000,4826,Sapeaçu/BA,0.0
Desastres geo-hidrológicos,60008,Gestão de risco de desastre,2015,,Presente,verylow,Muito baixo,#F40000,2927,Sapezal/MT,0.0
Desastres geo-hidrológicos,60008,Gestão de risco de desastre,2015,,Presente,verylow,Muito baixo,#F40000,3035,Sapucaia/PA,0.0
Desastres geo-hidrológicos,60008,Gestão de risco de desastre,2015,,Presente,verylow,Muito baixo,#F40000,1763,Sapucaia/RJ,0.0
Desastres geo-hidrológicos,60008,Gestão de risco de desastre,2015,,Presente,verylow,Muito baixo,#F40000,4828,Saubara/BA,0.0
Desastres geo-hidrológicos,60008,Gestão de risco de desastre,2015,,Presente,verylow,Muito baixo,#F40000,114,Saudades/SC,0.0
Desastres geo-hidrológicos,60008,Gestão de risco de desastre,2015,,Presente,verylow,Muito baixo,#F40000,4829,Saúde/BA,0.0
Desastres geo-hidrológicos,60008,Gestão de risco de desastre,2015,,Presente,verylow,Muito baixo,#F40000,4830,Seabra/BA,0.0
Desastres geo-hidrológicos,60008,Gestão de risco de desastre,2015,,Presente,verylow,Muito baixo,#F40000,3610,Sebastião Barros/PI,0.0
Desastres geo-hidrológicos,60008,Gestão de risco de desastre,2015,,Presente,verylow,Muito baixo,#F40000,746,Sebastião Laranjeiras/BA,0.0
Desastres geo-hidrológicos,60008,Gestão de risco de desastre,2015,,Presente,verylow,Muito baixo,#F40000,463,Segredo/RS,0.0
Desastres geo-hidrológicos,60008,Gestão de risco de desastre,2015,,Presente,verylow,Muito baixo,#F40000,4947,Selvíria/MS,0.0
Desastres geo-hidrológicos,60008,Gestão de risco de desastre,2015,,Presente,verylow,Muito baixo,#F40000,3382,Senador Alexandre Costa/MA,0.0
Desastres geo-hidrológicos,60008,Gestão de risco de desastre,2015,,Presente,verylow,Muito baixo,#F40000,1524,Senador Amaral/MG,0.0
Desastres geo-hidrológicos,60008,Gestão de risco de desastre,2015,,Presente,verylow,Muito baixo,#F40000,2802,Senador Canedo/GO,0.0
Desastres geo-hidrológicos,60008,Gestão de risco de desastre,2015,,Presente,verylow,Muito baixo,#F40000,3954,Senador Elói de Souza/RN,0.0
Desastres geo-hidrológicos,60008,Gestão de risco de desastre,2015,,Presente,verylow,Muito baixo,#F40000,1526,Senador Firmino/MG,0.0
Desastres geo-hidrológicos,60008,Gestão de risco de desastre,2015,,Presente,verylow,Muito baixo,#F40000,3955,Senador Georgino Avelino/RN,0.0
Desastres geo-hidrológicos,60008,Gestão de risco de desastre,2015,,Presente,verylow,Muito baixo,#F40000,2838,Senador Guiomard/AC,0.0
Desastres geo-hidrológicos,60008,Gestão de risco de desastre,2015,,Presente,verylow,Muito baixo,#F40000,3383,Senador La Rocque/MA,0.0
Desastres geo-hidrológicos,60008,Gestão de risco de desastre,2015,,Presente,verylow,Muito baixo,#F40000,1528,Senador Modestino Gonçalves/MG,0.0
Desastres geo-hidrológicos,60008,Gestão de risco de desastre,2015,,Presente,verylow,Muito baixo,#F40000,3792,Senador Pompeu/CE,0.0
Desastres geo-hidrológicos,60008,Gestão de risco de desastre,2015,,Presente,verylow,Muito baixo,#F40000,3793,Senador Sá/CE,0.0
Desastres geo-hidrológicos,60008,Gestão de risco de desastre,2015,,Presente,verylow,Muito baixo,#F40000,1531,Senhora dos Remédios/MG,0.0
Desastres geo-hidrológicos,60008,Gestão de risco de desastre,2015,,Presente,verylow,Muito baixo,#F40000,466,Sentinela do Sul/RS,0.0
Desastres geo-hidrológicos,60008,Gestão de risco de desastre,2015,,Presente,verylow,Muito baixo,#F40000,4833,Sento Sé/BA,0.0
Desastres geo-hidrológicos,60008,Gestão de risco de desastre,2015,,Presente,verylow,Muito baixo,#F40000,1532,Sericita/MG,0.0
Desastres geo-hidrológicos,60008,Gestão de risco de desastre,2015,,Presente,verylow,Muito baixo,#F40000,5567,Seringueiras/RO,0.0
Desastres geo-hidrológicos,60008,Gestão de risco de desastre,2015,,Presente,verylow,Muito baixo,#F40000,468,Sério/RS,0.0
Desastres geo-hidrológicos,60008,Gestão de risco de desastre,2015,,Presente,verylow,Muito baixo,#F40000,1533,Seritinga/MG,0.0
Desastres geo-hidrológicos,60008,Gestão de risco de desastre,2015,,Presente,verylow,Muito baixo,#F40000,116,Serra Alta/SC,0.0
Desastres geo-hidrológicos,60008,Gestão de risco de desastre,2015,,Presente,verylow,Muito baixo,#F40000,1534,Serra Azul de Minas/MG,0.0
Desastres geo-hidrológicos,60008,Gestão de risco de desastre,2015,,Presente,verylow,Muito baixo,#F40000,4179,Serra Branca/PB,0.0
Desastres geo-hidrológicos,60008,Gestão de risco de desastre,2015,,Presente,verylow,Muito baixo,#F40000,3924,Serra Caiada/RN,0.0
Desastres geo-hidrológicos,60008,Gestão de risco de desastre,2015,,Presente,verylow,Muito baixo,#F40000,4180,Serra da Raiz/PB,0.0
Desastres geo-hidrológicos,60008,Gestão de risco de desastre,2015,,Presente,verylow,Muito baixo,#F40000,1535,Serra da Saudade/MG,0.0
Desastres geo-hidrológicos,60008,Gestão de risco de desastre,2015,,Presente,verylow,Muito baixo,#F40000,3956,Serra de São Bento/RN,0.0
Desastres geo-hidrológicos,60008,Gestão de risco de desastre,2015,,Presente,verylow,Muito baixo,#F40000,2884,Serra do Navio/AP,0.0
Desastres geo-hidrológicos,60008,Gestão de risco de desastre,2015,,Presente,verylow,Muito baixo,#F40000,4832,Serra do Ramalho/BA,0.0
Desastres geo-hidrológicos,60008,Gestão de risco de desastre,2015,,Presente,verylow,Muito baixo,#F40000,1536,Serra dos Aimorés/MG,0.0
Desastres geo-hidrológicos,60008,Gestão de risco de desastre,2015,,Presente,verylow,Muito baixo,#F40000,4834,Serra Dourada/BA,0.0
Desastres geo-hidrológicos,60008,Gestão de risco de desastre,2015,,Presente,verylow,Muito baixo,#F40000,4181,Serra Grande/PB,0.0
Desastres geo-hidrológicos,60008,Gestão de risco de desastre,2015,,Presente,verylow,Muito baixo,#F40000,3384,Serrano do Maranhão/MA,0.0
Desastres geo-hidrológicos,60008,Gestão de risco de desastre,2015,,Presente,verylow,Muito baixo,#F40000,1539,Serranópolis de Minas/MG,0.0
Desastres geo-hidrológicos,60008,Gestão de risco de desastre,2015,,Presente,verylow,Muito baixo,#F40000,669,Serranópolis/GO,0.0
Desastres geo-hidrológicos,60008,Gestão de risco de desastre,2015,,Presente,verylow,Muito baixo,#F40000,1540,Serranos/MG,0.0
Desastres geo-hidrológicos,60008,Gestão de risco de desastre,2015,,Presente,verylow,Muito baixo,#F40000,5058,Serra Nova Dourada/MT,0.0
Desastres geo-hidrológicos,60008,Gestão de risco de desastre,2015,,Presente,verylow,Muito baixo,#F40000,4835,Serra Preta/BA,0.0
Desastres geo-hidrológicos,60008,Gestão de risco de desastre,2015,,Presente,verylow,Muito baixo,#F40000,4183,Serraria/PB,0.0
Desastres geo-hidrológicos,60008,Gestão de risco de desastre,2015,,Presente,verylow,Muito baixo,#F40000,4836,Serrinha/BA,0.0
Desastres geo-hidrológicos,60008,Gestão de risco de desastre,2015,,Presente,verylow,Muito baixo,#F40000,3960,Serrinha dos Pintos/RN,0.0
Desastres geo-hidrológicos,60008,Gestão de risco de desastre,2015,,Presente,verylow,Muito baixo,#F40000,3959,Serrinha/RN,0.0
Desastres geo-hidrológicos,60008,Gestão de risco de desastre,2015,,Presente,verylow,Muito baixo,#F40000,4360,Serrita/PE,0.0
Desastres geo-hidrológicos,60008,Gestão de risco de desastre,2015,,Presente,verylow,Muito baixo,#F40000,4837,Serrolândia/BA,0.0
Desastres geo-hidrológicos,60008,Gestão de risco de desastre,2015,,Presente,verylow,Muito baixo,#F40000,470,Sertão Santana/RS,0.0
Desastres geo-hidrológicos,60008,Gestão de risco de desastre,2015,,Presente,verylow,Muito baixo,#F40000,4184,Sertãozinho/PB,0.0
Desastres geo-hidrológicos,60008,Gestão de risco de desastre,2015,,Presente,verylow,Muito baixo,#F40000,2314,Sertãozinho/SP,0.0
Desastres geo-hidrológicos,60008,Gestão de risco de desastre,2015,,Presente,verylow,Muito baixo,#F40000,590,Sete Quedas/MS,0.0
Desastres geo-hidrológicos,60008,Gestão de risco de desastre,2015,,Presente,verylow,Muito baixo,#F40000,472,Severiano de Almeida/RS,0.0
Desastres geo-hidrológicos,60008,Gestão de risco de desastre,2015,,Presente,verylow,Muito baixo,#F40000,2316,Severínia/SP,0.0
Desastres geo-hidrológicos,60008,Gestão de risco de desastre,2015,,Presente,verylow,Muito baixo,#F40000,2541,Siderópolis/SC,0.0
Desastres geo-hidrológicos,60008,Gestão de risco de desastre,2015,,Presente,verylow,Muito baixo,#F40000,591,Sidrolândia/MS,0.0
Desastres geo-hidrológicos,60008,Gestão de risco de desastre,2015,,Presente,verylow,Muito baixo,#F40000,2803,Silvânia/GO,0.0
Desastres geo-hidrológicos,60008,Gestão de risco de desastre,2015,,Presente,verylow,Muito baixo,#F40000,473,Silveira Martins/RS,0.0
Desastres geo-hidrológicos,60008,Gestão de risco de desastre,2015,,Presente,verylow,Muito baixo,#F40000,1543,Silveirânia/MG,0.0
Desastres geo-hidrológicos,60008,Gestão de risco de desastre,2015,,Presente,verylow,Muito baixo,#F40000,1544,Silvianópolis/MG,0.0
Desastres geo-hidrológicos,60008,Gestão de risco de desastre,2015,,Presente,verylow,Muito baixo,#F40000,4558,Simão Dias/SE,0.0
Desastres geo-hidrológicos,60008,Gestão de risco de desastre,2015,,Presente,verylow,Muito baixo,#F40000,3613,Simões/PI,0.0
Desastres geo-hidrológicos,60008,Gestão de risco de desastre,2015,,Presente,verylow,Muito baixo,#F40000,1546,Simonésia/MG,0.0
Desastres geo-hidrológicos,60008,Gestão de risco de desastre,2015,,Presente,verylow,Muito baixo,#F40000,3614,Simplício Mendes/PI,0.0
Desastres geo-hidrológicos,60008,Gestão de risco de desastre,2015,,Presente,verylow,Muito baixo,#F40000,474,Sinimbu/RS,0.0
Desastres geo-hidrológicos,60008,Gestão de risco de desastre,2015,,Presente,verylow,Muito baixo,#F40000,4839,Sítio do Mato/BA,0.0
Desastres geo-hidrológicos,60008,Gestão de risco de desastre,2015,,Presente,verylow,Muito baixo,#F40000,4840,Sítio do Quinto/BA,0.0
Desastres geo-hidrológicos,60008,Gestão de risco de desastre,2015,,Presente,verylow,Muito baixo,#F40000,3175,Sítio Novo do Tocantins/TO,0.0
Desastres geo-hidrológicos,60008,Gestão de risco de desastre,2015,,Presente,verylow,Muito baixo,#F40000,3385,Sítio Novo/MA,0.0
Desastres geo-hidrológicos,60008,Gestão de risco de desastre,2015,,Presente,verylow,Muito baixo,#F40000,3962,Sítio Novo/RN,0.0
Desastres geo-hidrológicos,60008,Gestão de risco de desastre,2015,,Presente,verylow,Muito baixo,#F40000,4841,Sobradinho/BA,0.0
Desastres geo-hidrológicos,60008,Gestão de risco de desastre,2015,,Presente,verylow,Muito baixo,#F40000,4185,Sobrado/PB,0.0
Desastres geo-hidrológicos,60008,Gestão de risco de desastre,2015,,Presente,verylow,Muito baixo,#F40000,4186,Solânea/PB,0.0
Desastres geo-hidrológicos,60008,Gestão de risco de desastre,2015,,Presente,verylow,Muito baixo,#F40000,4187,Soledade/PB,0.0
Desastres geo-hidrológicos,60008,Gestão de risco de desastre,2015,,Presente,verylow,Muito baixo,#F40000,3795,Solonópole/CE,0.0
Desastres geo-hidrológicos,60008,Gestão de risco de desastre,2015,,Presente,verylow,Muito baixo,#F40000,2542,Sombrio/SC,0.0
Desastres geo-hidrológicos,60008,Gestão de risco de desastre,2015,,Presente,verylow,Muito baixo,#F40000,592,Sonora/MS,0.0
Desastres geo-hidrológicos,60008,Gestão de risco de desastre,2015,,Presente,verylow,Muito baixo,#F40000,1676,Sooretama/ES,0.0
Desastres geo-hidrológicos,60008,Gestão de risco de desastre,2015,,Presente,verylow,Muito baixo,#F40000,4188,Sossêgo/PB,0.0
Desastres geo-hidrológicos,60008,Gestão de risco de desastre,2015,,Presente,verylow,Muito baixo,#F40000,4842,Souto Soares/BA,0.0
Desastres geo-hidrológicos,60008,Gestão de risco de desastre,2015,,Presente,verylow,Muito baixo,#F40000,3386,Sucupira do Norte/MA,0.0
Desastres geo-hidrológicos,60008,Gestão de risco de desastre,2015,,Presente,verylow,Muito baixo,#F40000,3387,Sucupira do Riachão/MA,0.0
Desastres geo-hidrológicos,60008,Gestão de risco de desastre,2015,,Presente,verylow,Muito baixo,#F40000,3176,Sucupira/TO,0.0
Desastres geo-hidrológicos,60008,Gestão de risco de desastre,2015,,Presente,verylow,Muito baixo,#F40000,117,Sul Brasil/SC,0.0
Desastres geo-hidrológicos,60008,Gestão de risco de desastre,2015,,Presente,verylow,Muito baixo,#F40000,4190,Sumé/PB,0.0
Desastres geo-hidrológicos,60008,Gestão de risco de desastre,2015,,Presente,verylow,Muito baixo,#F40000,477,Tabaí/RS,0.0
Desastres geo-hidrológicos,60008,Gestão de risco de desastre,2015,,Presente,verylow,Muito baixo,#F40000,2930,Tabaporã/MT,0.0
Desastres geo-hidrológicos,60008,Gestão de risco de desastre,2015,,Presente,verylow,Muito baixo,#F40000,2325,Tabatinga/SP,0.0
Desastres geo-hidrológicos,60008,Gestão de risco de desastre,2015,,Presente,verylow,Muito baixo,#F40000,4366,Tabira/PE,0.0
Desastres geo-hidrológicos,60008,Gestão de risco de desastre,2015,,Presente,verylow,Muito baixo,#F40000,3101,Tabocão/TO,0.0
Desastres geo-hidrológicos,60008,Gestão de risco de desastre,2015,,Presente,verylow,Muito baixo,#F40000,4843,Tabocas do Brejo Velho/BA,0.0
Desastres geo-hidrológicos,60008,Gestão de risco de desastre,2015,,Presente,verylow,Muito baixo,#F40000,3963,Taboleiro Grande/RN,0.0
Desastres geo-hidrológicos,60008,Gestão de risco de desastre,2015,,Presente,verylow,Muito baixo,#F40000,4367,Tacaimbó/PE,0.0
Desastres geo-hidrológicos,60008,Gestão de risco de desastre,2015,,Presente,verylow,Muito baixo,#F40000,4368,Tacaratu/PE,0.0
Desastres geo-hidrológicos,60008,Gestão de risco de desastre,2015,,Presente,verylow,Muito baixo,#F40000,4910,Taciba/SP,0.0
Desastres geo-hidrológicos,60008,Gestão de risco de desastre,2015,,Presente,verylow,Muito baixo,#F40000,4191,Tacima/PB,0.0
Desastres geo-hidrológicos,60008,Gestão de risco de desastre,2015,,Presente,verylow,Muito baixo,#F40000,2327,Taguaí/SP,0.0
Desastres geo-hidrológicos,60008,Gestão de risco de desastre,2015,,Presente,verylow,Muito baixo,#F40000,3177,Taguatinga/TO,0.0
Desastres geo-hidrológicos,60008,Gestão de risco de desastre,2015,,Presente,verylow,Muito baixo,#F40000,2328,Taiaçu/SP,0.0
Desastres geo-hidrológicos,60008,Gestão de risco de desastre,2015,,Presente,verylow,Muito baixo,#F40000,1550,Taiobeiras/MG,0.0
Desastres geo-hidrológicos,60008,Gestão de risco de desastre,2015,,Presente,verylow,Muito baixo,#F40000,3178,Taipas do Tocantins/TO,0.0
Desastres geo-hidrológicos,60008,Gestão de risco de desastre,2015,,Presente,verylow,Muito baixo,#F40000,3964,Taipu/RN,0.0
Desastres geo-hidrológicos,60008,Gestão de risco de desastre,2015,,Presente,verylow,Muito baixo,#F40000,2329,Taiúva/SP,0.0
Desastres geo-hidrológicos,60008,Gestão de risco de desastre,2015,,Presente,verylow,Muito baixo,#F40000,5291,Tamboara/PR,0.0
Desastres geo-hidrológicos,60008,Gestão de risco de desastre,2015,,Presente,verylow,Muito baixo,#F40000,3797,Tamboril/CE,0.0
Desastres geo-hidrológicos,60008,Gestão de risco de desastre,2015,,Presente,verylow,Muito baixo,#F40000,3617,Tamboril do Piauí/PI,0.0
Desastres geo-hidrológicos,60008,Gestão de risco de desastre,2015,,Presente,verylow,Muito baixo,#F40000,2331,Tanabi/SP,0.0
Desastres geo-hidrológicos,60008,Gestão de risco de desastre,2015,,Presente,verylow,Muito baixo,#F40000,4964,Tangará da Serra/MT,0.0
Desastres geo-hidrológicos,60008,Gestão de risco de desastre,2015,,Presente,verylow,Muito baixo,#F40000,3965,Tangará/RN,0.0
Desastres geo-hidrológicos,60008,Gestão de risco de desastre,2015,,Presente,verylow,Muito baixo,#F40000,5007,Tanhaçu/BA,0.0
Desastres geo-hidrológicos,60008,Gestão de risco de desastre,2015,,Presente,verylow,Muito baixo,#F40000,4483,Tanque d'Arca/AL,0.0
Desastres geo-hidrológicos,60008,Gestão de risco de desastre,2015,,Presente,verylow,Muito baixo,#F40000,4844,Tanque Novo/BA,0.0
Desastres geo-hidrológicos,60008,Gestão de risco de desastre,2015,,Presente,verylow,Muito baixo,#F40000,1551,Taparuba/MG,0.0
Desastres geo-hidrológicos,60008,Gestão de risco de desastre,2015,,Presente,verylow,Muito baixo,#F40000,5515,Tapauá/AM,0.0
Desastres geo-hidrológicos,60008,Gestão de risco de desastre,2015,,Presente,verylow,Muito baixo,#F40000,4846,Taperoá/BA,0.0
Desastres geo-hidrológicos,60008,Gestão de risco de desastre,2015,,Presente,verylow,Muito baixo,#F40000,4192,Taperoá/PB,0.0
Desastres geo-hidrológicos,60008,Gestão de risco de desastre,2015,,Presente,verylow,Muito baixo,#F40000,1553,Tapiraí/MG,0.0
Desastres geo-hidrológicos,60008,Gestão de risco de desastre,2015,,Presente,verylow,Muito baixo,#F40000,1552,Tapira/MG,0.0
Desastres geo-hidrológicos,60008,Gestão de risco de desastre,2015,,Presente,verylow,Muito baixo,#F40000,4847,Tapiramutá/BA,0.0
Desastres geo-hidrológicos,60008,Gestão de risco de desastre,2015,,Presente,verylow,Muito baixo,#F40000,2931,Tapurah/MT,0.0
Desastres geo-hidrológicos,60008,Gestão de risco de desastre,2015,,Presente,verylow,Muito baixo,#F40000,1554,Taquaraçu de Minas/MG,0.0
Desastres geo-hidrológicos,60008,Gestão de risco de desastre,2015,,Presente,verylow,Muito baixo,#F40000,2806,Taquaral de Goiás/GO,0.0
Desastres geo-hidrológicos,60008,Gestão de risco de desastre,2015,,Presente,verylow,Muito baixo,#F40000,2334,Taquaral/SP,0.0
Desastres geo-hidrológicos,60008,Gestão de risco de desastre,2015,,Presente,verylow,Muito baixo,#F40000,4484,Taquarana/AL,0.0
Desastres geo-hidrológicos,60008,Gestão de risco de desastre,2015,,Presente,verylow,Muito baixo,#F40000,2632,Taquara/RS,0.0
Desastres geo-hidrológicos,60008,Gestão de risco de desastre,2015,,Presente,verylow,Muito baixo,#F40000,4370,Taquaritinga do Norte/PE,0.0
Desastres geo-hidrológicos,60008,Gestão de risco de desastre,2015,,Presente,verylow,Muito baixo,#F40000,2336,Taquarituba/SP,0.0
Desastres geo-hidrológicos,60008,Gestão de risco de desastre,2015,,Presente,verylow,Muito baixo,#F40000,2337,Taquarivaí/SP,0.0
Desastres geo-hidrológicos,60008,Gestão de risco de desastre,2015,,Presente,verylow,Muito baixo,#F40000,594,Taquarussu/MS,0.0
Desastres geo-hidrológicos,60008,Gestão de risco de desastre,2015,,Presente,verylow,Muito baixo,#F40000,24,Tarabai/SP,0.0
Desastres geo-hidrológicos,60008,Gestão de risco de desastre,2015,,Presente,verylow,Muito baixo,#F40000,5048,Tartarugalzinho/AP,0.0
Desastres geo-hidrológicos,60008,Gestão de risco de desastre,2015,,Presente,verylow,Muito baixo,#F40000,1555,Tarumirim/MG,0.0
Desastres geo-hidrológicos,60008,Gestão de risco de desastre,2015,,Presente,verylow,Muito baixo,#F40000,3388,Tasso Fragoso/MA,0.0
Desastres geo-hidrológicos,60008,Gestão de risco de desastre,2015,,Presente,verylow,Muito baixo,#F40000,3799,Tauá/CE,0.0
Desastres geo-hidrológicos,60008,Gestão de risco de desastre,2015,,Presente,verylow,Muito baixo,#F40000,747,Teixeira de Freitas/BA,0.0
Desastres geo-hidrológicos,60008,Gestão de risco de desastre,2015,,Presente,verylow,Muito baixo,#F40000,4194,Teixeira/PB,0.0
Desastres geo-hidrológicos,60008,Gestão de risco de desastre,2015,,Presente,verylow,Muito baixo,#F40000,1556,Teixeiras/MG,0.0
Desastres geo-hidrológicos,60008,Gestão de risco de desastre,2015,,Presente,verylow,Muito baixo,#F40000,5424,Teixeira Soares/PR,0.0
Desastres geo-hidrológicos,60008,Gestão de risco de desastre,2015,,Presente,verylow,Muito baixo,#F40000,5568,Teixeirópolis/RO,0.0
Desastres geo-hidrológicos,60008,Gestão de risco de desastre,2015,,Presente,verylow,Muito baixo,#F40000,4560,Telha/SE,0.0
Desastres geo-hidrológicos,60008,Gestão de risco de desastre,2015,,Presente,verylow,Muito baixo,#F40000,3966,Tenente Ananias/RN,0.0
Desastres geo-hidrológicos,60008,Gestão de risco de desastre,2015,,Presente,verylow,Muito baixo,#F40000,3967,Tenente Laurentino Cruz/RN,0.0
Desastres geo-hidrológicos,60008,Gestão de risco de desastre,2015,,Presente,verylow,Muito baixo,#F40000,482,Tenente Portela/RS,0.0
Desastres geo-hidrológicos,60008,Gestão de risco de desastre,2015,,Presente,verylow,Muito baixo,#F40000,4195,Tenório/PB,0.0
Desastres geo-hidrológicos,60008,Gestão de risco de desastre,2015,,Presente,verylow,Muito baixo,#F40000,4848,Teodoro Sampaio/BA,0.0
Desastres geo-hidrológicos,60008,Gestão de risco de desastre,2015,,Presente,verylow,Muito baixo,#F40000,4485,Teotônio Vilela/AL,0.0
Desastres geo-hidrológicos,60008,Gestão de risco de desastre,2015,,Presente,verylow,Muito baixo,#F40000,595,Terenos/MS,0.0
Desastres geo-hidrológicos,60008,Gestão de risco de desastre,2015,,Presente,verylow,Muito baixo,#F40000,4893,Teresina de Goiás/GO,0.0
Desastres geo-hidrológicos,60008,Gestão de risco de desastre,2015,,Presente,verylow,Muito baixo,#F40000,4371,Terezinha/PE,0.0
Desastres geo-hidrológicos,60008,Gestão de risco de desastre,2015,,Presente,verylow,Muito baixo,#F40000,3038,Terra Alta/PA,0.0
Desastres geo-hidrológicos,60008,Gestão de risco de desastre,2015,,Presente,verylow,Muito baixo,#F40000,4851,Terra Nova/BA,0.0
Desastres geo-hidrológicos,60008,Gestão de risco de desastre,2015,,Presente,verylow,Muito baixo,#F40000,2932,Terra Nova do Norte/MT,0.0
Desastres geo-hidrológicos,60008,Gestão de risco de desastre,2015,,Presente,verylow,Muito baixo,#F40000,2342,Terra Roxa/SP,0.0
Desastres geo-hidrológicos,60008,Gestão de risco de desastre,2015,,Presente,verylow,Muito baixo,#F40000,654,Tesouro/MT,0.0
Desastres geo-hidrológicos,60008,Gestão de risco de desastre,2015,,Presente,verylow,Muito baixo,#F40000,483,Teutônia/RS,0.0
Desastres geo-hidrológicos,60008,Gestão de risco de desastre,2015,,Presente,verylow,Muito baixo,#F40000,5569,Theobroma/RO,0.0
Desastres geo-hidrológicos,60008,Gestão de risco de desastre,2015,,Presente,verylow,Muito baixo,#F40000,3968,Tibau do Sul/RN,0.0
Desastres geo-hidrológicos,60008,Gestão de risco de desastre,2015,,Presente,verylow,Muito baixo,#F40000,3932,Tibau/RN,0.0
Desastres geo-hidrológicos,60008,Gestão de risco de desastre,2015,,Presente,verylow,Muito baixo,#F40000,2343,Tietê/SP,0.0
Desastres geo-hidrológicos,60008,Gestão de risco de desastre,2015,,Presente,verylow,Muito baixo,#F40000,3969,Timbaúba dos Batistas/RN,0.0
Desastres geo-hidrológicos,60008,Gestão de risco de desastre,2015,,Presente,verylow,Muito baixo,#F40000,4373,Timbaúba/PE,0.0
Desastres geo-hidrológicos,60008,Gestão de risco de desastre,2015,,Presente,verylow,Muito baixo,#F40000,4561,Tobias Barreto/SE,0.0
Desastres geo-hidrológicos,60008,Gestão de risco de desastre,2015,,Presente,verylow,Muito baixo,#F40000,3181,Tocantínia/TO,0.0
Desastres geo-hidrológicos,60008,Gestão de risco de desastre,2015,,Presente,verylow,Muito baixo,#F40000,3182,Tocantinópolis/TO,0.0
Desastres geo-hidrológicos,60008,Gestão de risco de desastre,2015,,Presente,verylow,Muito baixo,#F40000,1561,Tocantins/MG,0.0
Desastres geo-hidrológicos,60008,Gestão de risco de desastre,2015,,Presente,verylow,Muito baixo,#F40000,1562,Tocos do Moji/MG,0.0
Desastres geo-hidrológicos,60008,Gestão de risco de desastre,2015,,Presente,verylow,Muito baixo,#F40000,1563,Toledo/MG,0.0
Desastres geo-hidrológicos,60008,Gestão de risco de desastre,2015,,Presente,verylow,Muito baixo,#F40000,4562,Tomar do Geru/SE,0.0
Desastres geo-hidrológicos,60008,Gestão de risco de desastre,2015,,Presente,verylow,Muito baixo,#F40000,3039,Tomé-Açu/PA,0.0
Desastres geo-hidrológicos,60008,Gestão de risco de desastre,2015,,Presente,verylow,Muito baixo,#F40000,2345,Torre de Pedra/SP,0.0
Desastres geo-hidrológicos,60008,Gestão de risco de desastre,2015,,Presente,verylow,Muito baixo,#F40000,2346,Torrinha/SP,0.0
Desastres geo-hidrológicos,60008,Gestão de risco de desastre,2015,,Presente,verylow,Muito baixo,#F40000,2347,Trabiju/SP,0.0
Desastres geo-hidrológicos,60008,Gestão de risco de desastre,2015,,Presente,verylow,Muito baixo,#F40000,3040,Tracuateua/PA,0.0
Desastres geo-hidrológicos,60008,Gestão de risco de desastre,2015,,Presente,verylow,Muito baixo,#F40000,4375,Tracunhaém/PE,0.0
Desastres geo-hidrológicos,60008,Gestão de risco de desastre,2015,,Presente,verylow,Muito baixo,#F40000,748,Tremedal/BA,0.0
Desastres geo-hidrológicos,60008,Gestão de risco de desastre,2015,,Presente,verylow,Muito baixo,#F40000,488,Três Arroios/RS,0.0
Desastres geo-hidrológicos,60008,Gestão de risco de desastre,2015,,Presente,verylow,Muito baixo,#F40000,489,Três de Maio/RS,0.0
Desastres geo-hidrológicos,60008,Gestão de risco de desastre,2015,,Presente,verylow,Muito baixo,#F40000,2639,Três Forquilhas/RS,0.0
Desastres geo-hidrológicos,60008,Gestão de risco de desastre,2015,,Presente,verylow,Muito baixo,#F40000,1567,Três Pontas/MG,0.0
Desastres geo-hidrológicos,60008,Gestão de risco de desastre,2015,,Presente,verylow,Muito baixo,#F40000,2808,Três Ranchos/GO,0.0
Desastres geo-hidrológicos,60008,Gestão de risco de desastre,2015,,Presente,verylow,Muito baixo,#F40000,2809,Trindade/GO,0.0
Desastres geo-hidrológicos,60008,Gestão de risco de desastre,2015,,Presente,verylow,Muito baixo,#F40000,4376,Trindade/PE,0.0
Desastres geo-hidrológicos,60008,Gestão de risco de desastre,2015,,Presente,verylow,Muito baixo,#F40000,4196,Triunfo/PB,0.0
Desastres geo-hidrológicos,60008,Gestão de risco de desastre,2015,,Presente,verylow,Muito baixo,#F40000,3971,Triunfo Potiguar/RN,0.0
Desastres geo-hidrológicos,60008,Gestão de risco de desastre,2015,,Presente,verylow,Muito baixo,#F40000,4943,Triunfo/RS,0.0
Desastres geo-hidrológicos,60008,Gestão de risco de desastre,2015,,Presente,verylow,Muito baixo,#F40000,4894,Trombas/GO,0.0
Desastres geo-hidrológicos,60008,Gestão de risco de desastre,2015,,Presente,verylow,Muito baixo,#F40000,4852,Tucano/BA,0.0
Desastres geo-hidrológicos,60008,Gestão de risco de desastre,2015,,Presente,verylow,Muito baixo,#F40000,5038,Tucumã/PA,0.0
Desastres geo-hidrológicos,60008,Gestão de risco de desastre,2015,,Presente,verylow,Muito baixo,#F40000,493,Tucunduva/RS,0.0
Desastres geo-hidrológicos,60008,Gestão de risco de desastre,2015,,Presente,verylow,Muito baixo,#F40000,3392,Tufilândia/MA,0.0
Desastres geo-hidrológicos,60008,Gestão de risco de desastre,2015,,Presente,verylow,Muito baixo,#F40000,1568,Tumiritinga/MG,0.0
Desastres geo-hidrológicos,60008,Gestão de risco de desastre,2015,,Presente,verylow,Muito baixo,#F40000,119,Tunápolis/SC,0.0
Desastres geo-hidrológicos,60008,Gestão de risco de desastre,2015,,Presente,verylow,Muito baixo,#F40000,5429,Tunas do Paraná/PR,0.0
Desastres geo-hidrológicos,60008,Gestão de risco de desastre,2015,,Presente,verylow,Muito baixo,#F40000,3393,Tuntum/MA,0.0
Desastres geo-hidrológicos,60008,Gestão de risco de desastre,2015,,Presente,verylow,Muito baixo,#F40000,1569,Tupaciguara/MG,0.0
Desastres geo-hidrológicos,60008,Gestão de risco de desastre,2015,,Presente,verylow,Muito baixo,#F40000,495,Tupanci do Sul/RS,0.0
Desastres geo-hidrológicos,60008,Gestão de risco de desastre,2015,,Presente,verylow,Muito baixo,#F40000,496,Tupanciretã/RS,0.0
Desastres geo-hidrológicos,60008,Gestão de risco de desastre,2015,,Presente,verylow,Muito baixo,#F40000,4379,Tuparetama/PE,0.0
Desastres geo-hidrológicos,60008,Gestão de risco de desastre,2015,,Presente,verylow,Muito baixo,#F40000,26,Tupi Paulista/SP,0.0
Desastres geo-hidrológicos,60008,Gestão de risco de desastre,2015,,Presente,verylow,Muito baixo,#F40000,3183,Tupirama/TO,0.0
Desastres geo-hidrológicos,60008,Gestão de risco de desastre,2015,,Presente,verylow,Muito baixo,#F40000,3184,Tupiratins/TO,0.0
Desastres geo-hidrológicos,60008,Gestão de risco de desastre,2015,,Presente,verylow,Muito baixo,#F40000,3394,Turiaçu/MA,0.0
Desastres geo-hidrológicos,60008,Gestão de risco de desastre,2015,,Presente,verylow,Muito baixo,#F40000,3395,Turilândia/MA,0.0
Desastres geo-hidrológicos,60008,Gestão de risco de desastre,2015,,Presente,verylow,Muito baixo,#F40000,2352,Turiúba/SP,0.0
Desastres geo-hidrológicos,60008,Gestão de risco de desastre,2015,,Presente,verylow,Muito baixo,#F40000,2810,Turvânia/GO,0.0
Desastres geo-hidrológicos,60008,Gestão de risco de desastre,2015,,Presente,verylow,Muito baixo,#F40000,2811,Turvelândia/GO,0.0
Desastres geo-hidrológicos,60008,Gestão de risco de desastre,2015,,Presente,verylow,Muito baixo,#F40000,1571,Turvolândia/MG,0.0
Desastres geo-hidrológicos,60008,Gestão de risco de desastre,2015,,Presente,verylow,Muito baixo,#F40000,5457,Turvo/PR,0.0
Desastres geo-hidrológicos,60008,Gestão de risco de desastre,2015,,Presente,verylow,Muito baixo,#F40000,3396,Tutóia/MA,0.0
Desastres geo-hidrológicos,60008,Gestão de risco de desastre,2015,,Presente,verylow,Muito baixo,#F40000,5008,Ubaitaba/BA,0.0
Desastres geo-hidrológicos,60008,Gestão de risco de desastre,2015,,Presente,verylow,Muito baixo,#F40000,3804,Ubajara/CE,0.0
Desastres geo-hidrológicos,60008,Gestão de risco de desastre,2015,,Presente,verylow,Muito baixo,#F40000,1574,Ubaporanga/MG,0.0
Desastres geo-hidrológicos,60008,Gestão de risco de desastre,2015,,Presente,verylow,Muito baixo,#F40000,2354,Ubarana/SP,0.0
Desastres geo-hidrológicos,60008,Gestão de risco de desastre,2015,,Presente,verylow,Muito baixo,#F40000,4855,Ubatã/BA,0.0
Desastres geo-hidrológicos,60008,Gestão de risco de desastre,2015,,Presente,verylow,Muito baixo,#F40000,1575,Uberaba/MG,0.0
Desastres geo-hidrológicos,60008,Gestão de risco de desastre,2015,,Presente,verylow,Muito baixo,#F40000,2356,Ubirajara/SP,0.0
Desastres geo-hidrológicos,60008,Gestão de risco de desastre,2015,,Presente,verylow,Muito baixo,#F40000,499,Ubiretama/RS,0.0
Desastres geo-hidrológicos,60008,Gestão de risco de desastre,2015,,Presente,verylow,Muito baixo,#F40000,4856,Uibaí/BA,0.0
Desastres geo-hidrológicos,60008,Gestão de risco de desastre,2015,,Presente,verylow,Muito baixo,#F40000,2857,Uiramutã/RR,0.0
Desastres geo-hidrológicos,60008,Gestão de risco de desastre,2015,,Presente,verylow,Muito baixo,#F40000,5027,Uirapuru/GO,0.0
Desastres geo-hidrológicos,60008,Gestão de risco de desastre,2015,,Presente,verylow,Muito baixo,#F40000,4197,Uiraúna/PB,0.0
Desastres geo-hidrológicos,60008,Gestão de risco de desastre,2015,,Presente,verylow,Muito baixo,#F40000,3042,Ulianópolis/PA,0.0
Desastres geo-hidrológicos,60008,Gestão de risco de desastre,2015,,Presente,verylow,Muito baixo,#F40000,3805,Umari/CE,0.0
Desastres geo-hidrológicos,60008,Gestão de risco de desastre,2015,,Presente,verylow,Muito baixo,#F40000,3972,Umarizal/RN,0.0
Desastres geo-hidrológicos,60008,Gestão de risco de desastre,2015,,Presente,verylow,Muito baixo,#F40000,4563,Umbaúba/SE,0.0
Desastres geo-hidrológicos,60008,Gestão de risco de desastre,2015,,Presente,verylow,Muito baixo,#F40000,4857,Umburanas/BA,0.0
Desastres geo-hidrológicos,60008,Gestão de risco de desastre,2015,,Presente,verylow,Muito baixo,#F40000,1577,Umburatiba/MG,0.0
Desastres geo-hidrológicos,60008,Gestão de risco de desastre,2015,,Presente,verylow,Muito baixo,#F40000,749,Una/BA,0.0
Desastres geo-hidrológicos,60008,Gestão de risco de desastre,2015,,Presente,verylow,Muito baixo,#F40000,500,União da Serra/RS,0.0
Desastres geo-hidrológicos,60008,Gestão de risco de desastre,2015,,Presente,verylow,Muito baixo,#F40000,1579,União de Minas/MG,0.0
Desastres geo-hidrológicos,60008,Gestão de risco de desastre,2015,,Presente,verylow,Muito baixo,#F40000,120,União do Oeste/SC,0.0
Desastres geo-hidrológicos,60008,Gestão de risco de desastre,2015,,Presente,verylow,Muito baixo,#F40000,2933,União do Sul/MT,0.0
Desastres geo-hidrológicos,60008,Gestão de risco de desastre,2015,,Presente,verylow,Muito baixo,#F40000,501,Unistalda/RS,0.0
Desastres geo-hidrológicos,60008,Gestão de risco de desastre,2015,,Presente,verylow,Muito baixo,#F40000,5431,Uraí/PR,0.0
Desastres geo-hidrológicos,60008,Gestão de risco de desastre,2015,,Presente,verylow,Muito baixo,#F40000,3397,Urbano Santos/MA,0.0
Desastres geo-hidrológicos,60008,Gestão de risco de desastre,2015,,Presente,verylow,Muito baixo,#F40000,1580,Uruana de Minas/MG,0.0
Desastres geo-hidrológicos,60008,Gestão de risco de desastre,2015,,Presente,verylow,Muito baixo,#F40000,2812,Uruana/GO,0.0
Desastres geo-hidrológicos,60008,Gestão de risco de desastre,2015,,Presente,verylow,Muito baixo,#F40000,1581,Urucânia/MG,0.0
Desastres geo-hidrológicos,60008,Gestão de risco de desastre,2015,,Presente,verylow,Muito baixo,#F40000,751,Uruçuca/BA,0.0
Desastres geo-hidrológicos,60008,Gestão de risco de desastre,2015,,Presente,verylow,Muito baixo,#F40000,3808,Uruoca/CE,0.0
Desastres geo-hidrológicos,60008,Gestão de risco de desastre,2015,,Presente,verylow,Muito baixo,#F40000,5570,Urupá/RO,0.0
Desastres geo-hidrológicos,60008,Gestão de risco de desastre,2015,,Presente,verylow,Muito baixo,#F40000,2556,Urupema/SC,0.0
Desastres geo-hidrológicos,60008,Gestão de risco de desastre,2015,,Presente,verylow,Muito baixo,#F40000,2557,Urussanga/SC,0.0
Desastres geo-hidrológicos,60008,Gestão de risco de desastre,2015,,Presente,verylow,Muito baixo,#F40000,2813,Urutaí/GO,0.0
Desastres geo-hidrológicos,60008,Gestão de risco de desastre,2015,,Presente,verylow,Muito baixo,#F40000,2640,Vacaria/RS,0.0
Desastres geo-hidrológicos,60008,Gestão de risco de desastre,2015,,Presente,verylow,Muito baixo,#F40000,5571,Vale do Anari/RO,0.0
Desastres geo-hidrológicos,60008,Gestão de risco de desastre,2015,,Presente,verylow,Muito baixo,#F40000,5572,Vale do Paraíso/RO,0.0
Desastres geo-hidrológicos,60008,Gestão de risco de desastre,2015,,Presente,verylow,Muito baixo,#F40000,4860,Valente/BA,0.0
Desastres geo-hidrológicos,60008,Gestão de risco de desastre,2015,,Presente,verylow,Muito baixo,#F40000,2362,Valentim Gentil/SP,0.0
Desastres geo-hidrológicos,60008,Gestão de risco de desastre,2015,,Presente,verylow,Muito baixo,#F40000,503,Vale Verde/RS,0.0
Desastres geo-hidrológicos,60008,Gestão de risco de desastre,2015,,Presente,verylow,Muito baixo,#F40000,2363,Valinhos/SP,0.0
Desastres geo-hidrológicos,60008,Gestão de risco de desastre,2015,,Presente,verylow,Muito baixo,#F40000,2814,Valparaíso de Goiás/GO,0.0
Desastres geo-hidrológicos,60008,Gestão de risco de desastre,2015,,Presente,verylow,Muito baixo,#F40000,2364,Valparaíso/SP,0.0
Desastres geo-hidrológicos,60008,Gestão de risco de desastre,2015,,Presente,verylow,Muito baixo,#F40000,505,Vanini/RS,0.0
Desastres geo-hidrológicos,60008,Gestão de risco de desastre,2015,,Presente,verylow,Muito baixo,#F40000,1583,Vargem Alegre/MG,0.0
Desastres geo-hidrológicos,60008,Gestão de risco de desastre,2015,,Presente,verylow,Muito baixo,#F40000,1584,Vargem Bonita/MG,0.0
Desastres geo-hidrológicos,60008,Gestão de risco de desastre,2015,,Presente,verylow,Muito baixo,#F40000,122,Vargem Bonita/SC,0.0
Desastres geo-hidrológicos,60008,Gestão de risco de desastre,2015,,Presente,verylow,Muito baixo,#F40000,2367,Vargem Grande Paulista/SP,0.0
Desastres geo-hidrológicos,60008,Gestão de risco de desastre,2015,,Presente,verylow,Muito baixo,#F40000,1586,Varginha/MG,0.0
Desastres geo-hidrológicos,60008,Gestão de risco de desastre,2015,,Presente,verylow,Muito baixo,#F40000,1587,Varjão de Minas/MG,0.0
Desastres geo-hidrológicos,60008,Gestão de risco de desastre,2015,,Presente,verylow,Muito baixo,#F40000,3809,Varjota/CE,0.0
Desastres geo-hidrológicos,60008,Gestão de risco de desastre,2015,,Presente,verylow,Muito baixo,#F40000,3810,Várzea Alegre/CE,0.0
Desastres geo-hidrológicos,60008,Gestão de risco de desastre,2015,,Presente,verylow,Muito baixo,#F40000,1588,Várzea da Palma/MG,0.0
Desastres geo-hidrológicos,60008,Gestão de risco de desastre,2015,,Presente,verylow,Muito baixo,#F40000,4861,Várzea da Roça/BA,0.0
Desastres geo-hidrológicos,60008,Gestão de risco de desastre,2015,,Presente,verylow,Muito baixo,#F40000,4862,Várzea do Poço/BA,0.0
Desastres geo-hidrológicos,60008,Gestão de risco de desastre,2015,,Presente,verylow,Muito baixo,#F40000,3624,Várzea Grande/PI,0.0
Desastres geo-hidrológicos,60008,Gestão de risco de desastre,2015,,Presente,verylow,Muito baixo,#F40000,4864,Varzedo/BA,0.0
Desastres geo-hidrológicos,60008,Gestão de risco de desastre,2015,,Presente,verylow,Muito baixo,#F40000,1774,Vassouras/RJ,0.0
Desastres geo-hidrológicos,60008,Gestão de risco de desastre,2015,,Presente,verylow,Muito baixo,#F40000,3975,Venha-Ver/RN,0.0
Desastres geo-hidrológicos,60008,Gestão de risco de desastre,2015,,Presente,verylow,Muito baixo,#F40000,4865,Vera Cruz/BA,0.0
Desastres geo-hidrológicos,60008,Gestão de risco de desastre,2015,,Presente,verylow,Muito baixo,#F40000,3976,Vera Cruz/RN,0.0
Desastres geo-hidrológicos,60008,Gestão de risco de desastre,2015,,Presente,verylow,Muito baixo,#F40000,507,Vera Cruz/RS,0.0
Desastres geo-hidrológicos,60008,Gestão de risco de desastre,2015,,Presente,verylow,Muito baixo,#F40000,2934,Vera/MT,0.0
Desastres geo-hidrológicos,60008,Gestão de risco de desastre,2015,,Presente,verylow,Muito baixo,#F40000,4381,Verdejante/PE,0.0
Desastres geo-hidrológicos,60008,Gestão de risco de desastre,2015,,Presente,verylow,Muito baixo,#F40000,1591,Verdelândia/MG,0.0
Desastres geo-hidrológicos,60008,Gestão de risco de desastre,2015,,Presente,verylow,Muito baixo,#F40000,752,Vereda/BA,0.0
Desastres geo-hidrológicos,60008,Gestão de risco de desastre,2015,,Presente,verylow,Muito baixo,#F40000,1592,Veredinha/MG,0.0
Desastres geo-hidrológicos,60008,Gestão de risco de desastre,2015,,Presente,verylow,Muito baixo,#F40000,1593,Veríssimo/MG,0.0
Desastres geo-hidrológicos,60008,Gestão de risco de desastre,2015,,Presente,verylow,Muito baixo,#F40000,4382,Vertente do Lério/PE,0.0
Desastres geo-hidrológicos,60008,Gestão de risco de desastre,2015,,Presente,verylow,Muito baixo,#F40000,4383,Vertentes/PE,0.0
Desastres geo-hidrológicos,60008,Gestão de risco de desastre,2015,,Presente,verylow,Muito baixo,#F40000,509,Vespasiano Corrêa/RS,0.0
Desastres geo-hidrológicos,60008,Gestão de risco de desastre,2015,,Presente,verylow,Muito baixo,#F40000,2642,Viamão/RS,0.0
Desastres geo-hidrológicos,60008,Gestão de risco de desastre,2015,,Presente,verylow,Muito baixo,#F40000,3399,Viana/MA,0.0
Desastres geo-hidrológicos,60008,Gestão de risco de desastre,2015,,Presente,verylow,Muito baixo,#F40000,2816,Vianópolis/GO,0.0
Desastres geo-hidrológicos,60008,Gestão de risco de desastre,2015,,Presente,verylow,Muito baixo,#F40000,511,Vicente Dutra/RS,0.0
Desastres geo-hidrológicos,60008,Gestão de risco de desastre,2015,,Presente,verylow,Muito baixo,#F40000,597,Vicentina/MS,0.0
Desastres geo-hidrológicos,60008,Gestão de risco de desastre,2015,,Presente,verylow,Muito baixo,#F40000,2817,Vicentinópolis/GO,0.0
Desastres geo-hidrológicos,60008,Gestão de risco de desastre,2015,,Presente,verylow,Muito baixo,#F40000,3977,Viçosa/RN,0.0
Desastres geo-hidrológicos,60008,Gestão de risco de desastre,2015,,Presente,verylow,Muito baixo,#F40000,512,Victor Graeff/RS,0.0
Desastres geo-hidrológicos,60008,Gestão de risco de desastre,2015,,Presente,verylow,Muito baixo,#F40000,2560,Videira/SC,0.0
Desastres geo-hidrológicos,60008,Gestão de risco de desastre,2015,,Presente,verylow,Muito baixo,#F40000,1597,Vieiras/MG,0.0
Desastres geo-hidrológicos,60008,Gestão de risco de desastre,2015,,Presente,verylow,Muito baixo,#F40000,3043,Vigia/PA,0.0
Desastres geo-hidrológicos,60008,Gestão de risco de desastre,2015,,Presente,verylow,Muito baixo,#F40000,4955,Vila Bela da Santíssima Trindade/MT,0.0
Desastres geo-hidrológicos,60008,Gestão de risco de desastre,2015,,Presente,verylow,Muito baixo,#F40000,2818,Vila Boa/GO,0.0
Desastres geo-hidrológicos,60008,Gestão de risco de desastre,2015,,Presente,verylow,Muito baixo,#F40000,513,Vila Flores/RS,0.0
Desastres geo-hidrológicos,60008,Gestão de risco de desastre,2015,,Presente,verylow,Muito baixo,#F40000,3978,Vila Flor/RN,0.0
Desastres geo-hidrológicos,60008,Gestão de risco de desastre,2015,,Presente,verylow,Muito baixo,#F40000,514,Vila Lângaro/RS,0.0
Desastres geo-hidrológicos,60008,Gestão de risco de desastre,2015,,Presente,verylow,Muito baixo,#F40000,515,Vila Maria/RS,0.0
Desastres geo-hidrológicos,60008,Gestão de risco de desastre,2015,,Presente,verylow,Muito baixo,#F40000,3400,Vila Nova dos Martírios/MA,0.0
Desastres geo-hidrológicos,60008,Gestão de risco de desastre,2015,,Presente,verylow,Muito baixo,#F40000,516,Vila Nova do Sul/RS,0.0
Desastres geo-hidrológicos,60008,Gestão de risco de desastre,2015,,Presente,verylow,Muito baixo,#F40000,5059,Vila Rica/MT,0.0
Desastres geo-hidrológicos,60008,Gestão de risco de desastre,2015,,Presente,verylow,Muito baixo,#F40000,5542,Vilhena/RO,0.0
Desastres geo-hidrológicos,60008,Gestão de risco de desastre,2015,,Presente,verylow,Muito baixo,#F40000,2371,Viradouro/SP,0.0
Desastres geo-hidrológicos,60008,Gestão de risco de desastre,2015,,Presente,verylow,Muito baixo,#F40000,1599,Virgem da Lapa/MG,0.0
Desastres geo-hidrológicos,60008,Gestão de risco de desastre,2015,,Presente,verylow,Muito baixo,#F40000,1600,Virgínia/MG,0.0
Desastres geo-hidrológicos,60008,Gestão de risco de desastre,2015,,Presente,verylow,Muito baixo,#F40000,1601,Virginópolis/MG,0.0
Desastres geo-hidrológicos,60008,Gestão de risco de desastre,2015,,Presente,verylow,Muito baixo,#F40000,1602,Virgolândia/MG,0.0
Desastres geo-hidrológicos,60008,Gestão de risco de desastre,2015,,Presente,verylow,Muito baixo,#F40000,3044,Viseu/PA,0.0
Desastres geo-hidrológicos,60008,Gestão de risco de desastre,2015,,Presente,verylow,Muito baixo,#F40000,517,Vista Alegre/RS,0.0
Desastres geo-hidrológicos,60008,Gestão de risco de desastre,2015,,Presente,verylow,Muito baixo,#F40000,519,Vista Gaúcha/RS,0.0
Desastres geo-hidrológicos,60008,Gestão de risco de desastre,2015,,Presente,verylow,Muito baixo,#F40000,4053,Vista Serrana/PB,0.0
Desastres geo-hidrológicos,60008,Gestão de risco de desastre,2015,,Presente,verylow,Muito baixo,#F40000,2373,Vitória Brasil/SP,0.0
Desastres geo-hidrológicos,60008,Gestão de risco de desastre,2015,,Presente,verylow,Muito baixo,#F40000,520,Vitória das Missões/RS,0.0
Desastres geo-hidrológicos,60008,Gestão de risco de desastre,2015,,Presente,verylow,Muito baixo,#F40000,3402,Vitorino Freire/MA,0.0
Desastres geo-hidrológicos,60008,Gestão de risco de desastre,2015,,Presente,verylow,Muito baixo,#F40000,1604,Volta Grande/MG,0.0
Desastres geo-hidrológicos,60008,Gestão de risco de desastre,2015,,Presente,verylow,Muito baixo,#F40000,2375,Votuporanga/SP,0.0
Desastres geo-hidrológicos,60008,Gestão de risco de desastre,2015,,Presente,verylow,Muito baixo,#F40000,4866,Wagner/BA,0.0
Desastres geo-hidrológicos,60008,Gestão de risco de desastre,2015,,Presente,verylow,Muito baixo,#F40000,3185,Wanderlândia/TO,0.0
Desastres geo-hidrológicos,60008,Gestão de risco de desastre,2015,,Presente,verylow,Muito baixo,#F40000,4868,Wenceslau Guimarães/BA,0.0
Desastres geo-hidrológicos,60008,Gestão de risco de desastre,2015,,Presente,verylow,Muito baixo,#F40000,521,Westfália/RS,0.0
Desastres geo-hidrológicos,60008,Gestão de risco de desastre,2015,,Presente,verylow,Muito baixo,#F40000,124,Xavantina/SC,0.0
Desastres geo-hidrológicos,60008,Gestão de risco de desastre,2015,,Presente,verylow,Muito baixo,#F40000,4869,Xique-Xique/BA,0.0
Desastres geo-hidrológicos,60008,Gestão de risco de desastre,2015,,Presente,verylow,Muito baixo,#F40000,4201,Zabelê/PB,0.0
Desastres geo-hidrológicos,60008,Gestão de risco de desastre,2015,,Presente,verylow,Muito baixo,#F40000,2376,Zacarias/SP,0.0
Desastres geo-hidrológicos,60008,Gestão de risco de desastre,2015,,Presente,verylow,Muito baixo,#F40000,3403,Zé Doca/MA,0.0
Desastres geo-hidrológicos,60008,Gestão de risco de desastre,2015,,Presente,verylow,Muito baixo,#F40000,126,Zortéa/SC,0.0
Desastres geo-hidrológicos,60008,Gestão de risco de desastre,2015,,Presente,low,Baixo,#FF8300,4911,Água Doce/SC,0.39
Desastres geo-hidrológicos,60008,Gestão de risco de desastre,2015,,Presente,low,Baixo,#FF8300,1785,Altair/SP,0.39
Desastres geo-hidrológicos,60008,Gestão de risco de desastre,2015,,Presente,low,Baixo,#FF8300,1790,Álvaro de Carvalho/SP,0.39
Desastres geo-hidrológicos,60008,Gestão de risco de desastre,2015,,Presente,low,Baixo,#FF8300,5064,Amaporã/PR,0.39
Desastres geo-hidrológicos,60008,Gestão de risco de desastre,2015,,Presente,low,Baixo,#FF8300,5435,Apucarana/PR,0.39
Desastres geo-hidrológicos,60008,Gestão de risco de desastre,2015,,Presente,low,Baixo,#FF8300,1689,Arraial do Cabo/RJ,0.39
Desastres geo-hidrológicos,60008,Gestão de risco de desastre,2015,,Presente,low,Baixo,#FF8300,2947,Baião/PA,0.39
Desastres geo-hidrológicos,60008,Gestão de risco de desastre,2015,,Presente,low,Baixo,#FF8300,1831,Barra Bonita/SP,0.39
Desastres geo-hidrológicos,60008,Gestão de risco de desastre,2015,,Presente,low,Baixo,#FF8300,4218,Belém de Maria/PE,0.39
Desastres geo-hidrológicos,60008,Gestão de risco de desastre,2015,,Presente,low,Baixo,#FF8300,4220,Belo Jardim/PE,0.39
Desastres geo-hidrológicos,60008,Gestão de risco de desastre,2015,,Presente,low,Baixo,#FF8300,5472,Borba/AM,0.39
Desastres geo-hidrológicos,60008,Gestão de risco de desastre,2015,,Presente,low,Baixo,#FF8300,1869,Cachoeira Paulista/SP,0.39
Desastres geo-hidrológicos,60008,Gestão de risco de desastre,2015,,Presente,low,Baixo,#FF8300,1876,Cajobi/SP,0.39
Desastres geo-hidrológicos,60008,Gestão de risco de desastre,2015,,Presente,low,Baixo,#FF8300,5328,Campo do Tenente/PR,0.39
Desastres geo-hidrológicos,60008,Gestão de risco de desastre,2015,,Presente,low,Baixo,#FF8300,5332,Carlópolis/PR,0.39
Desastres geo-hidrológicos,60008,Gestão de risco de desastre,2015,,Presente,low,Baixo,#FF8300,200,Cerro Branco/RS,0.39
Desastres geo-hidrológicos,60008,Gestão de risco de desastre,2015,,Presente,low,Baixo,#FF8300,1907,Conchas/SP,0.39
Desastres geo-hidrológicos,60008,Gestão de risco de desastre,2015,,Presente,low,Baixo,#FF8300,2692,Corumbá de Goiás/GO,0.39
Desastres geo-hidrológicos,60008,Gestão de risco de desastre,2015,,Presente,low,Baixo,#FF8300,5016,Crixás/GO,0.39
Desastres geo-hidrológicos,60008,Gestão de risco de desastre,2015,,Presente,low,Baixo,#FF8300,3844,Cruzeta/RN,0.39
Desastres geo-hidrológicos,60008,Gestão de risco de desastre,2015,,Presente,low,Baixo,#FF8300,5116,Diamante D'Oeste/PR,0.39
Desastres geo-hidrológicos,60008,Gestão de risco de desastre,2015,,Presente,low,Baixo,#FF8300,1924,Divinolândia/SP,0.39
Desastres geo-hidrológicos,60008,Gestão de risco de desastre,2015,,Presente,low,Baixo,#FF8300,1629,Dores do Rio Preto/ES,0.39
Desastres geo-hidrológicos,60008,Gestão de risco de desastre,2015,,Presente,low,Baixo,#FF8300,3,Dracena/SP,0.39
Desastres geo-hidrológicos,60008,Gestão de risco de desastre,2015,,Presente,low,Baixo,#FF8300,242,Entre-Ijuís/RS,0.39
Desastres geo-hidrológicos,60008,Gestão de risco de desastre,2015,,Presente,low,Baixo,#FF8300,1042,Fervedouro/MG,0.39
Desastres geo-hidrológicos,60008,Gestão de risco de desastre,2015,,Presente,low,Baixo,#FF8300,3258,Formosa da Serra Negra/MA,0.39
Desastres geo-hidrológicos,60008,Gestão de risco de desastre,2015,,Presente,low,Baixo,#FF8300,277,Guarani das Missões/RS,0.39
Desastres geo-hidrológicos,60008,Gestão de risco de desastre,2015,,Presente,low,Baixo,#FF8300,1079,Guaxupé/MG,0.39
Desastres geo-hidrológicos,60008,Gestão de risco de desastre,2015,,Presente,low,Baixo,#FF8300,280,Hulha Negra/RS,0.39
Desastres geo-hidrológicos,60008,Gestão de risco de desastre,2015,,Presente,low,Baixo,#FF8300,5349,Ibaiti/PR,0.39
Desastres geo-hidrológicos,60008,Gestão de risco de desastre,2015,,Presente,low,Baixo,#FF8300,61,Ipira/SC,0.39
Desastres geo-hidrológicos,60008,Gestão de risco de desastre,2015,,Presente,low,Baixo,#FF8300,1129,Itanhomi/MG,0.39
Desastres geo-hidrológicos,60008,Gestão de risco de desastre,2015,,Presente,low,Baixo,#FF8300,1715,Itaocara/RJ,0.39
Desastres geo-hidrológicos,60008,Gestão de risco de desastre,2015,,Presente,low,Baixo,#FF8300,5449,Jaguapitã/PR,0.39
Desastres geo-hidrológicos,60008,Gestão de risco de desastre,2015,,Presente,low,Baixo,#FF8300,310,Lagoa dos Três Cantos/RS,0.39
Desastres geo-hidrológicos,60008,Gestão de risco de desastre,2015,,Presente,low,Baixo,#FF8300,4304,Limoeiro/PE,0.39
Desastres geo-hidrológicos,60008,Gestão de risco de desastre,2015,,Presente,low,Baixo,#FF8300,2082,Maracaí/SP,0.39
Desastres geo-hidrológicos,60008,Gestão de risco de desastre,2015,,Presente,low,Baixo,#FF8300,319,Marau/RS,0.39
Desastres geo-hidrológicos,60008,Gestão de risco de desastre,2015,,Presente,low,Baixo,#FF8300,1210,Maravilhas/MG,0.39
Desastres geo-hidrológicos,60008,Gestão de risco de desastre,2015,,Presente,low,Baixo,#FF8300,3894,Maxaranguape/RN,0.39
Desastres geo-hidrológicos,60008,Gestão de risco de desastre,2015,,Presente,low,Baixo,#FF8300,5202,Missal/PR,0.39
Desastres geo-hidrológicos,60008,Gestão de risco de desastre,2015,,Presente,low,Baixo,#FF8300,5203,Moreira Sales/PR,0.39
Desastres geo-hidrológicos,60008,Gestão de risco de desastre,2015,,Presente,low,Baixo,#FF8300,1263,Nanuque/MG,0.39
Desastres geo-hidrológicos,60008,Gestão de risco de desastre,2015,,Presente,low,Baixo,#FF8300,354,Novo Barreiro/RS,0.39
Desastres geo-hidrológicos,60008,Gestão de risco de desastre,2015,,Presente,low,Baixo,#FF8300,352,Novo Tiradentes/RS,0.39
Desastres geo-hidrológicos,60008,Gestão de risco de desastre,2015,,Presente,low,Baixo,#FF8300,2918,Paranaíta/MT,0.39
Desastres geo-hidrológicos,60008,Gestão de risco de desastre,2015,,Presente,low,Baixo,#FF8300,5226,Paranapoema/PR,0.39
Desastres geo-hidrológicos,60008,Gestão de risco de desastre,2015,,Presente,low,Baixo,#FF8300,3328,Peritoró/MA,0.39
Desastres geo-hidrológicos,60008,Gestão de risco de desastre,2015,,Presente,low,Baixo,#FF8300,2179,Pindorama/SP,0.39
Desastres geo-hidrológicos,60008,Gestão de risco de desastre,2015,,Presente,low,Baixo,#FF8300,2197,Pontal/SP,0.39
Desastres geo-hidrológicos,60008,Gestão de risco de desastre,2015,,Presente,low,Baixo,#FF8300,2510,Rancho Queimado/SC,0.39
Desastres geo-hidrológicos,60008,Gestão de risco de desastre,2015,,Presente,low,Baixo,#FF8300,2219,Redenção da Serra/SP,0.39
Desastres geo-hidrológicos,60008,Gestão de risco de desastre,2015,,Presente,low,Baixo,#FF8300,4335,Ribeirão/PE,0.39
Desastres geo-hidrológicos,60008,Gestão de risco de desastre,2015,,Presente,low,Baixo,#FF8300,405,Rosário do Sul/RS,0.39
Desastres geo-hidrológicos,60008,Gestão de risco de desastre,2015,,Presente,low,Baixo,#FF8300,3345,Rosário/MA,0.39
Desastres geo-hidrológicos,60008,Gestão de risco de desastre,2015,,Presente,low,Baixo,#FF8300,3782,Russas/CE,0.39
Desastres geo-hidrológicos,60008,Gestão de risco de desastre,2015,,Presente,low,Baixo,#FF8300,2258,Santa Cruz da Conceição/SP,0.39
Desastres geo-hidrológicos,60008,Gestão de risco de desastre,2015,,Presente,low,Baixo,#FF8300,426,Santo Antônio das Missões/RS,0.39
Desastres geo-hidrológicos,60008,Gestão de risco de desastre,2015,,Presente,low,Baixo,#FF8300,5411,Santo Antônio do Paraíso/PR,0.39
Desastres geo-hidrológicos,60008,Gestão de risco de desastre,2015,,Presente,low,Baixo,#FF8300,4817,São Félix/BA,0.39
Desastres geo-hidrológicos,60008,Gestão de risco de desastre,2015,,Presente,low,Baixo,#FF8300,1464,São Félix de Minas/MG,0.39
Desastres geo-hidrológicos,60008,Gestão de risco de desastre,2015,,Presente,low,Baixo,#FF8300,3368,São João do Soter/MA,0.39
Desastres geo-hidrológicos,60008,Gestão de risco de desastre,2015,,Presente,low,Baixo,#FF8300,5413,São João do Triunfo/PR,0.39
Desastres geo-hidrológicos,60008,Gestão de risco de desastre,2015,,Presente,low,Baixo,#FF8300,5279,São Jorge do Patrocínio/PR,0.39
Desastres geo-hidrológicos,60008,Gestão de risco de desastre,2015,,Presente,low,Baixo,#FF8300,1672,São José do Calçado/ES,0.39
Desastres geo-hidrológicos,60008,Gestão de risco de desastre,2015,,Presente,low,Baixo,#FF8300,1498,São José do Jacuri/MG,0.39
Desastres geo-hidrológicos,60008,Gestão de risco de desastre,2015,,Presente,low,Baixo,#FF8300,454,São Pedro do Sul/RS,0.39
Desastres geo-hidrológicos,60008,Gestão de risco de desastre,2015,,Presente,low,Baixo,#FF8300,1762,São Sebastião do Alto/RJ,0.39
Desastres geo-hidrológicos,60008,Gestão de risco de desastre,2015,,Presente,low,Baixo,#FF8300,2312,Serrana/SP,0.39
Desastres geo-hidrológicos,60008,Gestão de risco de desastre,2015,,Presente,low,Baixo,#FF8300,3958,Serra Negra do Norte/RN,0.39
Desastres geo-hidrológicos,60008,Gestão de risco de desastre,2015,,Presente,low,Baixo,#FF8300,5292,Tapejara/PR,0.39
Desastres geo-hidrológicos,60008,Gestão de risco de desastre,2015,,Presente,low,Baixo,#FF8300,3800,Tejuçuoca/CE,0.39
Desastres geo-hidrológicos,60008,Gestão de risco de desastre,2015,,Presente,low,Baixo,#FF8300,2551,Treze de Maio/SC,0.39
Desastres geo-hidrológicos,60008,Gestão de risco de desastre,2015,,Presente,low,Baixo,#FF8300,4487,União dos Palmares/AL,0.39
Desastres geo-hidrológicos,60008,Gestão de risco de desastre,2015,,Presente,low,Baixo,#FF8300,1773,Varre-Sai/RJ,0.39
Desastres geo-hidrológicos,60008,Gestão de risco de desastre,2015,,Presente,low,Baixo,#FF8300,2380,Agrolândia/SC,0.33
Desastres geo-hidrológicos,60008,Gestão de risco de desastre,2015,,Presente,low,Baixo,#FF8300,1778,Aguaí/SP,0.33
Desastres geo-hidrológicos,60008,Gestão de risco de desastre,2015,,Presente,low,Baixo,#FF8300,767,Albertina/MG,0.33
Desastres geo-hidrológicos,60008,Gestão de risco de desastre,2015,,Presente,low,Baixo,#FF8300,2888,Alta Floresta/MT,0.33
Desastres geo-hidrológicos,60008,Gestão de risco de desastre,2015,,Presente,low,Baixo,#FF8300,1791,Alvinlândia/SP,0.33
Desastres geo-hidrológicos,60008,Gestão de risco de desastre,2015,,Presente,low,Baixo,#FF8300,2385,Anita Garibaldi/SC,0.33
Desastres geo-hidrológicos,60008,Gestão de risco de desastre,2015,,Presente,low,Baixo,#FF8300,2386,Anitápolis/SC,0.33
Desastres geo-hidrológicos,60008,Gestão de risco de desastre,2015,,Presente,low,Baixo,#FF8300,1803,Araçatuba/SP,0.33
Desastres geo-hidrológicos,60008,Gestão de risco de desastre,2015,,Presente,low,Baixo,#FF8300,1686,Araruama/RJ,0.33
Desastres geo-hidrológicos,60008,Gestão de risco de desastre,2015,,Presente,low,Baixo,#FF8300,5071,Assis Chateaubriand/PR,0.33
Desastres geo-hidrológicos,60008,Gestão de risco de desastre,2015,,Presente,low,Baixo,#FF8300,1826,Bálsamo/SP,0.33
Desastres geo-hidrológicos,60008,Gestão de risco de desastre,2015,,Presente,low,Baixo,#FF8300,5323,Barra do Jacaré/PR,0.33
Desastres geo-hidrológicos,60008,Gestão de risco de desastre,2015,,Presente,low,Baixo,#FF8300,3427,Bela Vista do Piauí/PI,0.33
Desastres geo-hidrológicos,60008,Gestão de risco de desastre,2015,,Presente,low,Baixo,#FF8300,3431,Betânia do Piauí/PI,0.33
Desastres geo-hidrológicos,60008,Gestão de risco de desastre,2015,,Presente,low,Baixo,#FF8300,4008,Boa Ventura/PB,0.33
Desastres geo-hidrológicos,60008,Gestão de risco de desastre,2015,,Presente,low,Baixo,#FF8300,3220,Bom Jardim/MA,0.33
Desastres geo-hidrológicos,60008,Gestão de risco de desastre,2015,,Presente,low,Baixo,#FF8300,170,Braga/RS,0.33
Desastres geo-hidrológicos,60008,Gestão de risco de desastre,2015,,Presente,low,Baixo,#FF8300,855,Buritizeiro/MG,0.33
Desastres geo-hidrológicos,60008,Gestão de risco de desastre,2015,,Presente,low,Baixo,#FF8300,2575,Canela/RS,0.33
Desastres geo-hidrológicos,60008,Gestão de risco de desastre,2015,,Presente,low,Baixo,#FF8300,4242,Capoeiras/PE,0.33
Desastres geo-hidrológicos,60008,Gestão de risco de desastre,2015,,Presente,low,Baixo,#FF8300,948,Conceição dos Ouros/MG,0.33
Desastres geo-hidrológicos,60008,Gestão de risco de desastre,2015,,Presente,low,Baixo,#FF8300,992,Desterro do Melo/MG,0.33
Desastres geo-hidrológicos,60008,Gestão de risco de desastre,2015,,Presente,low,Baixo,#FF8300,995,Dionísio/MG,0.33
Desastres geo-hidrológicos,60008,Gestão de risco de desastre,2015,,Presente,low,Baixo,#FF8300,232,Dois Irmãos das Missões/RS,0.33
Desastres geo-hidrológicos,60008,Gestão de risco de desastre,2015,,Presente,low,Baixo,#FF8300,1930,Dumont/SP,0.33
Desastres geo-hidrológicos,60008,Gestão de risco de desastre,2015,,Presente,low,Baixo,#FF8300,246,Ernestina/RS,0.33
Desastres geo-hidrológicos,60008,Gestão de risco de desastre,2015,,Presente,low,Baixo,#FF8300,1939,Espírito Santo do Pinhal/SP,0.33
Desastres geo-hidrológicos,60008,Gestão de risco de desastre,2015,,Presente,low,Baixo,#FF8300,1045,Formoso/MG,0.33
Desastres geo-hidrológicos,60008,Gestão de risco de desastre,2015,,Presente,low,Baixo,#FF8300,3490,Francisco Santos/PI,0.33
Desastres geo-hidrológicos,60008,Gestão de risco de desastre,2015,,Presente,low,Baixo,#FF8300,1053,Frei Inocêncio/MG,0.33
Desastres geo-hidrológicos,60008,Gestão de risco de desastre,2015,,Presente,low,Baixo,#FF8300,2976,Garrafão do Norte/PA,0.33
Desastres geo-hidrológicos,60008,Gestão de risco de desastre,2015,,Presente,low,Baixo,#FF8300,1077,Guarará/MG,0.33
Desastres geo-hidrológicos,60008,Gestão de risco de desastre,2015,,Presente,low,Baixo,#FF8300,557,Guia Lopes da Laguna/MS,0.33
Desastres geo-hidrológicos,60008,Gestão de risco de desastre,2015,,Presente,low,Baixo,#FF8300,5147,Iguatu/PR,0.33
Desastres geo-hidrológicos,60008,Gestão de risco de desastre,2015,,Presente,low,Baixo,#FF8300,291,Inhacorá/RS,0.33
Desastres geo-hidrológicos,60008,Gestão de risco de desastre,2015,,Presente,low,Baixo,#FF8300,2725,Ipameri/GO,0.33
Desastres geo-hidrológicos,60008,Gestão de risco de desastre,2015,,Presente,low,Baixo,#FF8300,3706,Ipaporanga/CE,0.33
Desastres geo-hidrológicos,60008,Gestão de risco de desastre,2015,,Presente,low,Baixo,#FF8300,5154,Itaipulândia/PR,0.33
Desastres geo-hidrológicos,60008,Gestão de risco de desastre,2015,,Presente,low,Baixo,#FF8300,709,Itamaraju/BA,0.33
Desastres geo-hidrológicos,60008,Gestão de risco de desastre,2015,,Presente,low,Baixo,#FF8300,5356,Itambaracá/PR,0.33
Desastres geo-hidrológicos,60008,Gestão de risco de desastre,2015,,Presente,low,Baixo,#FF8300,1130,Itaobim/MG,0.33
Desastres geo-hidrológicos,60008,Gestão de risco de desastre,2015,,Presente,low,Baixo,#FF8300,716,Itarantim/BA,0.33
Desastres geo-hidrológicos,60008,Gestão de risco de desastre,2015,,Presente,low,Baixo,#FF8300,3510,Joca Marques/PI,0.33
Desastres geo-hidrológicos,60008,Gestão de risco de desastre,2015,,Presente,low,Baixo,#FF8300,2055,Juquiá/SP,0.33
Desastres geo-hidrológicos,60008,Gestão de risco de desastre,2015,,Presente,low,Baixo,#FF8300,2063,Limeira/SP,0.33
Desastres geo-hidrológicos,60008,Gestão de risco de desastre,2015,,Presente,low,Baixo,#FF8300,5175,Lobato/PR,0.33
Desastres geo-hidrológicos,60008,Gestão de risco de desastre,2015,,Presente,low,Baixo,#FF8300,2077,Macedônia/SP,0.33
Desastres geo-hidrológicos,60008,Gestão de risco de desastre,2015,,Presente,low,Baixo,#FF8300,5198,Medianeira/PR,0.33
Desastres geo-hidrológicos,60008,Gestão de risco de desastre,2015,,Presente,low,Baixo,#FF8300,2095,Miracatu/SP,0.33
Desastres geo-hidrológicos,60008,Gestão de risco de desastre,2015,,Presente,low,Baixo,#FF8300,5213,Nova Olímpia/PR,0.33
Desastres geo-hidrológicos,60008,Gestão de risco de desastre,2015,,Presente,low,Baixo,#FF8300,5217,Novo Itacolomi/PR,0.33
Desastres geo-hidrológicos,60008,Gestão de risco de desastre,2015,,Presente,low,Baixo,#FF8300,2146,Pacaembu/SP,0.33
Desastres geo-hidrológicos,60008,Gestão de risco de desastre,2015,,Presente,low,Baixo,#FF8300,3551,Palmeirais/PI,0.33
Desastres geo-hidrológicos,60008,Gestão de risco de desastre,2015,,Presente,low,Baixo,#FF8300,13,Paulicéia/SP,0.33
Desastres geo-hidrológicos,60008,Gestão de risco de desastre,2015,,Presente,low,Baixo,#FF8300,2171,Penápolis/SP,0.33
Desastres geo-hidrológicos,60008,Gestão de risco de desastre,2015,,Presente,low,Baixo,#FF8300,4461,Pilar/AL,0.33
Desastres geo-hidrológicos,60008,Gestão de risco de desastre,2015,,Presente,low,Baixo,#FF8300,94,Piratuba/SC,0.33
Desastres geo-hidrológicos,60008,Gestão de risco de desastre,2015,,Presente,low,Baixo,#FF8300,5238,Planalto/PR,0.33
Desastres geo-hidrológicos,60008,Gestão de risco de desastre,2015,,Presente,low,Baixo,#FF8300,2201,Porangaba/SP,0.33
Desastres geo-hidrológicos,60008,Gestão de risco de desastre,2015,,Presente,low,Baixo,#FF8300,1379,Queluzito/MG,0.33
Desastres geo-hidrológicos,60008,Gestão de risco de desastre,2015,,Presente,low,Baixo,#FF8300,2244,Sagres/SP,0.33
Desastres geo-hidrológicos,60008,Gestão de risco de desastre,2015,,Presente,low,Baixo,#FF8300,2256,Santa Branca/SP,0.33
Desastres geo-hidrológicos,60008,Gestão de risco de desastre,2015,,Presente,low,Baixo,#FF8300,2271,Santa Rita do Passa Quatro/SP,0.33
Desastres geo-hidrológicos,60008,Gestão de risco de desastre,2015,,Presente,low,Baixo,#FF8300,3359,São Bernardo/MA,0.33
Desastres geo-hidrológicos,60008,Gestão de risco de desastre,2015,,Presente,low,Baixo,#FF8300,2627,São Marcos/RS,0.33
Desastres geo-hidrológicos,60008,Gestão de risco de desastre,2015,,Presente,low,Baixo,#FF8300,5282,São Miguel do Iguaçu/PR,0.33
Desastres geo-hidrológicos,60008,Gestão de risco de desastre,2015,,Presente,low,Baixo,#FF8300,5037,Senador José Porfírio/PA,0.33
Desastres geo-hidrológicos,60008,Gestão de risco de desastre,2015,,Presente,low,Baixo,#FF8300,5421,Sertanópolis/PR,0.33
Desastres geo-hidrológicos,60008,Gestão de risco de desastre,2015,,Presente,low,Baixo,#FF8300,4944,Tupandi/RS,0.33
Desastres geo-hidrológicos,60008,Gestão de risco de desastre,2015,,Presente,low,Baixo,#FF8300,5519,Urucará/AM,0.33
Desastres geo-hidrológicos,60008,Gestão de risco de desastre,2015,,Presente,low,Baixo,#FF8300,2644,Abadia de Goiás/GO,0.3
Desastres geo-hidrológicos,60008,Gestão de risco de desastre,2015,,Presente,low,Baixo,#FF8300,3628,Abaiara/CE,0.3
Desastres geo-hidrológicos,60008,Gestão de risco de desastre,2015,,Presente,low,Baixo,#FF8300,3630,Acaraú/CE,0.3
Desastres geo-hidrológicos,60008,Gestão de risco de desastre,2015,,Presente,low,Baixo,#FF8300,3404,Acauã/PI,0.3
Desastres geo-hidrológicos,60008,Gestão de risco de desastre,2015,,Presente,low,Baixo,#FF8300,598,Acorizal/MT,0.3
Desastres geo-hidrológicos,60008,Gestão de risco de desastre,2015,,Presente,low,Baixo,#FF8300,758,Açucena/MG,0.3
Desastres geo-hidrológicos,60008,Gestão de risco de desastre,2015,,Presente,low,Baixo,#FF8300,3813,Açu/RN,0.3
Desastres geo-hidrológicos,60008,Gestão de risco de desastre,2015,,Presente,low,Baixo,#FF8300,5311,Adrianópolis/PR,0.3
Desastres geo-hidrológicos,60008,Gestão de risco de desastre,2015,,Presente,low,Baixo,#FF8300,4205,Agrestina/PE,0.3
Desastres geo-hidrológicos,60008,Gestão de risco de desastre,2015,,Presente,low,Baixo,#FF8300,2381,Agronômica/SC,0.3
Desastres geo-hidrológicos,60008,Gestão de risco de desastre,2015,,Presente,low,Baixo,#FF8300,2941,Água Azul do Norte/PA,0.3
Desastres geo-hidrológicos,60008,Gestão de risco de desastre,2015,,Presente,low,Baixo,#FF8300,4387,Água Branca/AL,0.3
Desastres geo-hidrológicos,60008,Gestão de risco de desastre,2015,,Presente,low,Baixo,#FF8300,4206,Água Preta/PE,0.3
Desastres geo-hidrológicos,60008,Gestão de risco de desastre,2015,,Presente,low,Baixo,#FF8300,4207,Águas Belas/PE,0.3
Desastres geo-hidrológicos,60008,Gestão de risco de desastre,2015,,Presente,low,Baixo,#FF8300,2650,Águas Lindas de Goiás/GO,0.3
Desastres geo-hidrológicos,60008,Gestão de risco de desastre,2015,,Presente,low,Baixo,#FF8300,1607,Águia Branca/ES,0.3
Desastres geo-hidrológicos,60008,Gestão de risco de desastre,2015,,Presente,low,Baixo,#FF8300,3632,Aiuaba/CE,0.3
Desastres geo-hidrológicos,60008,Gestão de risco de desastre,2015,,Presente,low,Baixo,#FF8300,4208,Alagoinha/PE,0.3
Desastres geo-hidrológicos,60008,Gestão de risco de desastre,2015,,Presente,low,Baixo,#FF8300,3633,Alcântaras/CE,0.3
Desastres geo-hidrológicos,60008,Gestão de risco de desastre,2015,,Presente,low,Baixo,#FF8300,523,Alcinópolis/MS,0.3
Desastres geo-hidrológicos,60008,Gestão de risco de desastre,2015,,Presente,low,Baixo,#FF8300,133,Alegrete/RS,0.3
Desastres geo-hidrológicos,60008,Gestão de risco de desastre,2015,,Presente,low,Baixo,#FF8300,768,Além Paraíba/MG,0.3
Desastres geo-hidrológicos,60008,Gestão de risco de desastre,2015,,Presente,low,Baixo,#FF8300,3986,Alhandra/PB,0.3
Desastres geo-hidrológicos,60008,Gestão de risco de desastre,2015,,Presente,low,Baixo,#FF8300,2859,Almeirim/PA,0.3
Desastres geo-hidrológicos,60008,Gestão de risco de desastre,2015,,Presente,low,Baixo,#FF8300,2860,Altamira/PA,0.3
Desastres geo-hidrológicos,60008,Gestão de risco de desastre,2015,,Presente,low,Baixo,#FF8300,4210,Altinho/PE,0.3
Desastres geo-hidrológicos,60008,Gestão de risco de desastre,2015,,Presente,low,Baixo,#FF8300,3194,Alto Alegre do Pindaré/MA,0.3
Desastres geo-hidrológicos,60008,Gestão de risco de desastre,2015,,Presente,low,Baixo,#FF8300,1787,Alto Alegre/SP,0.3
Desastres geo-hidrológicos,60008,Gestão de risco de desastre,2015,,Presente,low,Baixo,#FF8300,775,Alto Caparaó/MG,0.3
Desastres geo-hidrológicos,60008,Gestão de risco de desastre,2015,,Presente,low,Baixo,#FF8300,3818,Alto do Rodrigues/RN,0.3
Desastres geo-hidrológicos,60008,Gestão de risco de desastre,2015,,Presente,low,Baixo,#FF8300,3195,Alto Parnaíba/MA,0.3
Desastres geo-hidrológicos,60008,Gestão de risco de desastre,2015,,Presente,low,Baixo,#FF8300,3635,Alto Santo/CE,0.3
Desastres geo-hidrológicos,60008,Gestão de risco de desastre,2015,,Presente,low,Baixo,#FF8300,1788,Alumínio/SP,0.3
Desastres geo-hidrológicos,60008,Gestão de risco de desastre,2015,,Presente,low,Baixo,#FF8300,778,Alvinópolis/MG,0.3
Desastres geo-hidrológicos,60008,Gestão de risco de desastre,2015,,Presente,low,Baixo,#FF8300,779,Alvorada de Minas/MG,0.3
Desastres geo-hidrológicos,60008,Gestão de risco de desastre,2015,,Presente,low,Baixo,#FF8300,2843,Amajari/RR,0.3
Desastres geo-hidrológicos,60008,Gestão de risco de desastre,2015,,Presente,low,Baixo,#FF8300,4211,Amaraji/PE,0.3
Desastres geo-hidrológicos,60008,Gestão de risco de desastre,2015,,Presente,low,Baixo,#FF8300,5460,Amaturá/AM,0.3
Desastres geo-hidrológicos,60008,Gestão de risco de desastre,2015,,Presente,low,Baixo,#FF8300,3636,Amontada/CE,0.3
Desastres geo-hidrológicos,60008,Gestão de risco de desastre,2015,,Presente,low,Baixo,#FF8300,5030,Anapu/PA,0.3
Desastres geo-hidrológicos,60008,Gestão de risco de desastre,2015,,Presente,low,Baixo,#FF8300,31,Anchieta/SC,0.3
Desastres geo-hidrológicos,60008,Gestão de risco de desastre,2015,,Presente,low,Baixo,#FF8300,4576,Andorinha/BA,0.3
Desastres geo-hidrológicos,60008,Gestão de risco de desastre,2015,,Presente,low,Baixo,#FF8300,4922,André da Rocha/RS,0.3
Desastres geo-hidrológicos,60008,Gestão de risco de desastre,2015,,Presente,low,Baixo,#FF8300,1797,Angatuba/SP,0.3
Desastres geo-hidrológicos,60008,Gestão de risco de desastre,2015,,Presente,low,Baixo,#FF8300,527,Angélica/MS,0.3
Desastres geo-hidrológicos,60008,Gestão de risco de desastre,2015,,Presente,low,Baixo,#FF8300,5462,Anori/AM,0.3
Desastres geo-hidrológicos,60008,Gestão de risco de desastre,2015,,Presente,low,Baixo,#FF8300,140,Anta Gorda/RS,0.3
Desastres geo-hidrológicos,60008,Gestão de risco de desastre,2015,,Presente,low,Baixo,#FF8300,3055,Aparecida do Rio Negro/TO,0.3
Desastres geo-hidrológicos,60008,Gestão de risco de desastre,2015,,Presente,low,Baixo,#FF8300,3989,Aparecida/PB,0.3
Desastres geo-hidrológicos,60008,Gestão de risco de desastre,2015,,Presente,low,Baixo,#FF8300,2388,Apiúna/SC,0.3
Desastres geo-hidrológicos,60008,Gestão de risco de desastre,2015,,Presente,low,Baixo,#FF8300,3821,Apodi/RN,0.3
Desastres geo-hidrológicos,60008,Gestão de risco de desastre,2015,,Presente,low,Baixo,#FF8300,5463,Apuí/AM,0.3
Desastres geo-hidrológicos,60008,Gestão de risco de desastre,2015,,Presente,low,Baixo,#FF8300,3638,Apuiarés/CE,0.3
Desastres geo-hidrológicos,60008,Gestão de risco de desastre,2015,,Presente,low,Baixo,#FF8300,3639,Aquiraz/CE,0.3
Desastres geo-hidrológicos,60008,Gestão de risco de desastre,2015,,Presente,low,Baixo,#FF8300,788,Araçaí/MG,0.3
Desastres geo-hidrológicos,60008,Gestão de risco de desastre,2015,,Presente,low,Baixo,#FF8300,2661,Aragoiânia/GO,0.3
Desastres geo-hidrológicos,60008,Gestão de risco de desastre,2015,,Presente,low,Baixo,#FF8300,3059,Araguaína/TO,0.3
Desastres geo-hidrológicos,60008,Gestão de risco de desastre,2015,,Presente,low,Baixo,#FF8300,3060,Araguanã/TO,0.3
Desastres geo-hidrológicos,60008,Gestão de risco de desastre,2015,,Presente,low,Baixo,#FF8300,3061,Araguatins/TO,0.3
Desastres geo-hidrológicos,60008,Gestão de risco de desastre,2015,,Presente,low,Baixo,#FF8300,3202,Araioses/MA,0.3
Desastres geo-hidrológicos,60008,Gestão de risco de desastre,2015,,Presente,low,Baixo,#FF8300,3203,Arame/MA,0.3
Desastres geo-hidrológicos,60008,Gestão de risco de desastre,2015,,Presente,low,Baixo,#FF8300,793,Araponga/MG,0.3
Desastres geo-hidrológicos,60008,Gestão de risco de desastre,2015,,Presente,low,Baixo,#FF8300,2566,Araricá/RS,0.3
Desastres geo-hidrológicos,60008,Gestão de risco de desastre,2015,,Presente,low,Baixo,#FF8300,3204,Arari/MA,0.3
Desastres geo-hidrológicos,60008,Gestão de risco de desastre,2015,,Presente,low,Baixo,#FF8300,3644,Aratuba/CE,0.3
Desastres geo-hidrológicos,60008,Gestão de risco de desastre,2015,,Presente,low,Baixo,#FF8300,4492,Arauá/SE,0.3
Desastres geo-hidrológicos,60008,Gestão de risco de desastre,2015,,Presente,low,Baixo,#FF8300,799,Arcos/MG,0.3
Desastres geo-hidrológicos,60008,Gestão de risco de desastre,2015,,Presente,low,Baixo,#FF8300,2391,Armazém/SC,0.3
Desastres geo-hidrológicos,60008,Gestão de risco de desastre,2015,,Presente,low,Baixo,#FF8300,146,Arroio do Tigre/RS,0.3
Desastres geo-hidrológicos,60008,Gestão de risco de desastre,2015,,Presente,low,Baixo,#FF8300,147,Arroio Grande/RS,0.3
Desastres geo-hidrológicos,60008,Gestão de risco de desastre,2015,,Presente,low,Baixo,#FF8300,148,Arvorezinha/RS,0.3
Desastres geo-hidrológicos,60008,Gestão de risco de desastre,2015,,Presente,low,Baixo,#FF8300,2393,Ascurra/SC,0.3
Desastres geo-hidrológicos,60008,Gestão de risco de desastre,2015,,Presente,low,Baixo,#FF8300,150,Áurea/RS,0.3
Desastres geo-hidrológicos,60008,Gestão de risco de desastre,2015,,Presente,low,Baixo,#FF8300,3205,Axixá/MA,0.3
Desastres geo-hidrológicos,60008,Gestão de risco de desastre,2015,,Presente,low,Baixo,#FF8300,3206,Bacabal/MA,0.3
Desastres geo-hidrológicos,60008,Gestão de risco de desastre,2015,,Presente,low,Baixo,#FF8300,3208,Bacuri/MA,0.3
Desastres geo-hidrológicos,60008,Gestão de risco de desastre,2015,,Presente,low,Baixo,#FF8300,807,Baependi/MG,0.3
Desastres geo-hidrológicos,60008,Gestão de risco de desastre,2015,,Presente,low,Baixo,#FF8300,151,Bagé/RS,0.3
Desastres geo-hidrológicos,60008,Gestão de risco de desastre,2015,,Presente,low,Baixo,#FF8300,2946,Bagre/PA,0.3
Desastres geo-hidrológicos,60008,Gestão de risco de desastre,2015,,Presente,low,Baixo,#FF8300,2398,Balneário Barra do Sul/SC,0.3
Desastres geo-hidrológicos,60008,Gestão de risco de desastre,2015,,Presente,low,Baixo,#FF8300,2397,Balneário Camboriú/SC,0.3
Desastres geo-hidrológicos,60008,Gestão de risco de desastre,2015,,Presente,low,Baixo,#FF8300,3210,Balsas/MA,0.3
Desastres geo-hidrológicos,60008,Gestão de risco de desastre,2015,,Presente,low,Baixo,#FF8300,811,Bandeira do Sul/MG,0.3
Desastres geo-hidrológicos,60008,Gestão de risco de desastre,2015,,Presente,low,Baixo,#FF8300,810,Bandeira/MG,0.3
Desastres geo-hidrológicos,60008,Gestão de risco de desastre,2015,,Presente,low,Baixo,#FF8300,814,Barbacena/MG,0.3
Desastres geo-hidrológicos,60008,Gestão de risco de desastre,2015,,Presente,low,Baixo,#FF8300,4591,Barra/BA,0.3
Desastres geo-hidrológicos,60008,Gestão de risco de desastre,2015,,Presente,low,Baixo,#FF8300,4391,Barra de Santo Antônio/AL,0.3
Desastres geo-hidrológicos,60008,Gestão de risco de desastre,2015,,Presente,low,Baixo,#FF8300,1617,Barra de São Francisco/ES,0.3
Desastres geo-hidrológicos,60008,Gestão de risco de desastre,2015,,Presente,low,Baixo,#FF8300,4594,Barra do Rocha/BA,0.3
Desastres geo-hidrológicos,60008,Gestão de risco de desastre,2015,,Presente,low,Baixo,#FF8300,2400,Barra Velha/SC,0.3
Desastres geo-hidrológicos,60008,Gestão de risco de desastre,2015,,Presente,low,Baixo,#FF8300,4595,Barreiras/BA,0.3
Desastres geo-hidrológicos,60008,Gestão de risco de desastre,2015,,Presente,low,Baixo,#FF8300,5467,Barreirinha/AM,0.3
Desastres geo-hidrológicos,60008,Gestão de risco de desastre,2015,,Presente,low,Baixo,#FF8300,532,Bataguassu/MS,0.3
Desastres geo-hidrológicos,60008,Gestão de risco de desastre,2015,,Presente,low,Baixo,#FF8300,533,Batayporã/MS,0.3
Desastres geo-hidrológicos,60008,Gestão de risco de desastre,2015,,Presente,low,Baixo,#FF8300,3654,Baturité/CE,0.3
Desastres geo-hidrológicos,60008,Gestão de risco de desastre,2015,,Presente,low,Baixo,#FF8300,4004,Bayeux/PB,0.3
Desastres geo-hidrológicos,60008,Gestão de risco de desastre,2015,,Presente,low,Baixo,#FF8300,3655,Beberibe/CE,0.3
Desastres geo-hidrológicos,60008,Gestão de risco de desastre,2015,,Presente,low,Baixo,#FF8300,2666,Bela Vista de Goiás/GO,0.3
Desastres geo-hidrológicos,60008,Gestão de risco de desastre,2015,,Presente,low,Baixo,#FF8300,817,Bela Vista de Minas/MG,0.3
Desastres geo-hidrológicos,60008,Gestão de risco de desastre,2015,,Presente,low,Baixo,#FF8300,3215,Bela Vista do Maranhão/MA,0.3
Desastres geo-hidrológicos,60008,Gestão de risco de desastre,2015,,Presente,low,Baixo,#FF8300,2401,Bela Vista do Toldo/SC,0.3
Desastres geo-hidrológicos,60008,Gestão de risco de desastre,2015,,Presente,low,Baixo,#FF8300,2950,Belém/PA,0.3
Desastres geo-hidrológicos,60008,Gestão de risco de desastre,2015,,Presente,low,Baixo,#FF8300,677,Belmonte/BA,0.3
Desastres geo-hidrológicos,60008,Gestão de risco de desastre,2015,,Presente,low,Baixo,#FF8300,821,Belo Vale/MG,0.3
Desastres geo-hidrológicos,60008,Gestão de risco de desastre,2015,,Presente,low,Baixo,#FF8300,5468,Benjamin Constant/AM,0.3
Desastres geo-hidrológicos,60008,Gestão de risco de desastre,2015,,Presente,low,Baixo,#FF8300,4927,Bento Gonçalves/RS,0.3
Desastres geo-hidrológicos,60008,Gestão de risco de desastre,2015,,Presente,low,Baixo,#FF8300,822,Berilo/MG,0.3
Desastres geo-hidrológicos,60008,Gestão de risco de desastre,2015,,Presente,low,Baixo,#FF8300,4007,Bernardino Batista/PB,0.3
Desastres geo-hidrológicos,60008,Gestão de risco de desastre,2015,,Presente,low,Baixo,#FF8300,823,Bertópolis/MG,0.3
Desastres geo-hidrológicos,60008,Gestão de risco de desastre,2015,,Presente,low,Baixo,#FF8300,5469,Beruri/AM,0.3
Desastres geo-hidrológicos,60008,Gestão de risco de desastre,2015,,Presente,low,Baixo,#FF8300,829,Boa Esperança/MG,0.3
Desastres geo-hidrológicos,60008,Gestão de risco de desastre,2015,,Presente,low,Baixo,#FF8300,160,Boa Vista das Missões/RS,0.3
Desastres geo-hidrológicos,60008,Gestão de risco de desastre,2015,,Presente,low,Baixo,#FF8300,161,Boa Vista do Buricá/RS,0.3
Desastres geo-hidrológicos,60008,Gestão de risco de desastre,2015,,Presente,low,Baixo,#FF8300,3219,Boa Vista do Gurupi/MA,0.3
Desastres geo-hidrológicos,60008,Gestão de risco de desastre,2015,,Presente,low,Baixo,#FF8300,5470,Boa Vista do Ramos/AM,0.3
Desastres geo-hidrológicos,60008,Gestão de risco de desastre,2015,,Presente,low,Baixo,#FF8300,2845,Boa Vista/RR,0.3
Desastres geo-hidrológicos,60008,Gestão de risco de desastre,2015,,Presente,low,Baixo,#FF8300,2405,Bocaina do Sul/SC,0.3
Desastres geo-hidrológicos,60008,Gestão de risco de desastre,2015,,Presente,low,Baixo,#FF8300,3433,Bocaina/PI,0.3
Desastres geo-hidrológicos,60008,Gestão de risco de desastre,2015,,Presente,low,Baixo,#FF8300,4223,Bodocó/PE,0.3
Desastres geo-hidrológicos,60008,Gestão de risco de desastre,2015,,Presente,low,Baixo,#FF8300,1693,Bom Jardim/RJ,0.3
Desastres geo-hidrológicos,60008,Gestão de risco de desastre,2015,,Presente,low,Baixo,#FF8300,2952,Bom Jesus do Tocantins/PA,0.3
Desastres geo-hidrológicos,60008,Gestão de risco de desastre,2015,,Presente,low,Baixo,#FF8300,2570,Bom Princípio/RS,0.3
Desastres geo-hidrológicos,60008,Gestão de risco de desastre,2015,,Presente,low,Baixo,#FF8300,165,Bom Progresso/RS,0.3
Desastres geo-hidrológicos,60008,Gestão de risco de desastre,2015,,Presente,low,Baixo,#FF8300,166,Bom Retiro do Sul/RS,0.3
Desastres geo-hidrológicos,60008,Gestão de risco de desastre,2015,,Presente,low,Baixo,#FF8300,842,Borda da Mata/MG,0.3
Desastres geo-hidrológicos,60008,Gestão de risco de desastre,2015,,Presente,low,Baixo,#FF8300,2410,Braço do Norte/SC,0.3
Desastres geo-hidrológicos,60008,Gestão de risco de desastre,2015,,Presente,low,Baixo,#FF8300,2954,Bragança/PA,0.3
Desastres geo-hidrológicos,60008,Gestão de risco de desastre,2015,,Presente,low,Baixo,#FF8300,5084,Braganey/PR,0.3
Desastres geo-hidrológicos,60008,Gestão de risco de desastre,2015,,Presente,low,Baixo,#FF8300,3438,Brasileira/PI,0.3
Desastres geo-hidrológicos,60008,Gestão de risco de desastre,2015,,Presente,low,Baixo,#FF8300,4227,Brejão/PE,0.3
Desastres geo-hidrológicos,60008,Gestão de risco de desastre,2015,,Presente,low,Baixo,#FF8300,4228,Brejinho/PE,0.3
Desastres geo-hidrológicos,60008,Gestão de risco de desastre,2015,,Presente,low,Baixo,#FF8300,4229,Brejo da Madre de Deus/PE,0.3
Desastres geo-hidrológicos,60008,Gestão de risco de desastre,2015,,Presente,low,Baixo,#FF8300,3439,Brejo do Piauí/PI,0.3
Desastres geo-hidrológicos,60008,Gestão de risco de desastre,2015,,Presente,low,Baixo,#FF8300,3223,Brejo/MA,0.3
Desastres geo-hidrológicos,60008,Gestão de risco de desastre,2015,,Presente,low,Baixo,#FF8300,2957,Breves/PA,0.3
Desastres geo-hidrológicos,60008,Gestão de risco de desastre,2015,,Presente,low,Baixo,#FF8300,3228,Buritirana/MA,0.3
Desastres geo-hidrológicos,60008,Gestão de risco de desastre,2015,,Presente,low,Baixo,#FF8300,5548,Buritis/RO,0.3
Desastres geo-hidrológicos,60008,Gestão de risco de desastre,2015,,Presente,low,Baixo,#FF8300,5473,Caapiranga/AM,0.3
Desastres geo-hidrológicos,60008,Gestão de risco de desastre,2015,,Presente,low,Baixo,#FF8300,681,Caatiba/BA,0.3
Desastres geo-hidrológicos,60008,Gestão de risco de desastre,2015,,Presente,low,Baixo,#FF8300,4020,Cabedelo/PB,0.3
Desastres geo-hidrológicos,60008,Gestão de risco de desastre,2015,,Presente,low,Baixo,#FF8300,173,Caçapava do Sul/RS,0.3
Desastres geo-hidrológicos,60008,Gestão de risco de desastre,2015,,Presente,low,Baixo,#FF8300,4610,Cachoeira/BA,0.3
Desastres geo-hidrológicos,60008,Gestão de risco de desastre,2015,,Presente,low,Baixo,#FF8300,4021,Cachoeira dos Índios/PB,0.3
Desastres geo-hidrológicos,60008,Gestão de risco de desastre,2015,,Presente,low,Baixo,#FF8300,1621,Cachoeiro de Itapemirim/ES,0.3
Desastres geo-hidrológicos,60008,Gestão de risco de desastre,2015,,Presente,low,Baixo,#FF8300,177,Caibaté/RS,0.3
Desastres geo-hidrológicos,60008,Gestão de risco de desastre,2015,,Presente,low,Baixo,#FF8300,178,Caiçara/RS,0.3
Desastres geo-hidrológicos,60008,Gestão de risco de desastre,2015,,Presente,low,Baixo,#FF8300,3834,Caicó/RN,0.3
Desastres geo-hidrológicos,60008,Gestão de risco de desastre,2015,,Presente,low,Baixo,#FF8300,1873,Caieiras/SP,0.3
Desastres geo-hidrológicos,60008,Gestão de risco de desastre,2015,,Presente,low,Baixo,#FF8300,4027,Cajazeirinhas/PB,0.3
Desastres geo-hidrológicos,60008,Gestão de risco de desastre,2015,,Presente,low,Baixo,#FF8300,3444,Cajueiro da Praia/PI,0.3
Desastres geo-hidrológicos,60008,Gestão de risco de desastre,2015,,Presente,low,Baixo,#FF8300,2678,Caldas Novas/GO,0.3
Desastres geo-hidrológicos,60008,Gestão de risco de desastre,2015,,Presente,low,Baixo,#FF8300,4615,Camaçari/BA,0.3
Desastres geo-hidrológicos,60008,Gestão de risco de desastre,2015,,Presente,low,Baixo,#FF8300,4616,Camamu/BA,0.3
Desastres geo-hidrológicos,60008,Gestão de risco de desastre,2015,,Presente,low,Baixo,#FF8300,2572,Cambará do Sul/RS,0.3
Desastres geo-hidrológicos,60008,Gestão de risco de desastre,2015,,Presente,low,Baixo,#FF8300,869,Cambuquira/MG,0.3
Desastres geo-hidrológicos,60008,Gestão de risco de desastre,2015,,Presente,low,Baixo,#FF8300,871,Campanha/MG,0.3
Desastres geo-hidrológicos,60008,Gestão de risco de desastre,2015,,Presente,low,Baixo,#FF8300,4400,Campestre/AL,0.3
Desastres geo-hidrológicos,60008,Gestão de risco de desastre,2015,,Presente,low,Baixo,#FF8300,2573,Campestre da Serra/RS,0.3
Desastres geo-hidrológicos,60008,Gestão de risco de desastre,2015,,Presente,low,Baixo,#FF8300,876,Campo do Meio/MG,0.3
Desastres geo-hidrológicos,60008,Gestão de risco de desastre,2015,,Presente,low,Baixo,#FF8300,40,Campo Erê/SC,0.3
Desastres geo-hidrológicos,60008,Gestão de risco de desastre,2015,,Presente,low,Baixo,#FF8300,877,Campo Florido/MG,0.3
Desastres geo-hidrológicos,60008,Gestão de risco de desastre,2015,,Presente,low,Baixo,#FF8300,3448,Campo Grande do Piauí/PI,0.3
Desastres geo-hidrológicos,60008,Gestão de risco de desastre,2015,,Presente,low,Baixo,#FF8300,2682,Campo Limpo de Goiás/GO,0.3
Desastres geo-hidrológicos,60008,Gestão de risco de desastre,2015,,Presente,low,Baixo,#FF8300,3450,Campo Maior/PI,0.3
Desastres geo-hidrológicos,60008,Gestão de risco de desastre,2015,,Presente,low,Baixo,#FF8300,4951,Campo Novo do Parecis/MT,0.3
Desastres geo-hidrológicos,60008,Gestão de risco de desastre,2015,,Presente,low,Baixo,#FF8300,1700,Campos dos Goytacazes/RJ,0.3
Desastres geo-hidrológicos,60008,Gestão de risco de desastre,2015,,Presente,low,Baixo,#FF8300,610,Campo Verde/MT,0.3
Desastres geo-hidrológicos,60008,Gestão de risco de desastre,2015,,Presente,low,Baixo,#FF8300,2962,Canaã dos Carajás/PA,0.3
Desastres geo-hidrológicos,60008,Gestão de risco de desastre,2015,,Presente,low,Baixo,#FF8300,880,Canaã/MG,0.3
Desastres geo-hidrológicos,60008,Gestão de risco de desastre,2015,,Presente,low,Baixo,#FF8300,4403,Canapi/AL,0.3
Desastres geo-hidrológicos,60008,Gestão de risco de desastre,2015,,Presente,low,Baixo,#FF8300,881,Canápolis/MG,0.3
Desastres geo-hidrológicos,60008,Gestão de risco de desastre,2015,,Presente,low,Baixo,#FF8300,185,Candelária/RS,0.3
Desastres geo-hidrológicos,60008,Gestão de risco de desastre,2015,,Presente,low,Baixo,#FF8300,186,Cândido Godói/RS,0.3
Desastres geo-hidrológicos,60008,Gestão de risco de desastre,2015,,Presente,low,Baixo,#FF8300,686,Cândido Sales/BA,0.3
Desastres geo-hidrológicos,60008,Gestão de risco de desastre,2015,,Presente,low,Baixo,#FF8300,187,Candiota/RS,0.3
Desastres geo-hidrológicos,60008,Gestão de risco de desastre,2015,,Presente,low,Baixo,#FF8300,188,Canguçu/RS,0.3
Desastres geo-hidrológicos,60008,Gestão de risco de desastre,2015,,Presente,low,Baixo,#FF8300,3661,Canindé/CE,0.3
Desastres geo-hidrológicos,60008,Gestão de risco de desastre,2015,,Presente,low,Baixo,#FF8300,191,Capão do Leão/RS,0.3
Desastres geo-hidrológicos,60008,Gestão de risco de desastre,2015,,Presente,low,Baixo,#FF8300,885,Caparaó/MG,0.3
Desastres geo-hidrológicos,60008,Gestão de risco de desastre,2015,,Presente,low,Baixo,#FF8300,888,Capetinga/MG,0.3
Desastres geo-hidrológicos,60008,Gestão de risco de desastre,2015,,Presente,low,Baixo,#FF8300,3662,Capistrano/CE,0.3
Desastres geo-hidrológicos,60008,Gestão de risco de desastre,2015,,Presente,low,Baixo,#FF8300,892,Capitão Enéas/MG,0.3
Desastres geo-hidrológicos,60008,Gestão de risco de desastre,2015,,Presente,low,Baixo,#FF8300,2964,Capitão Poço/PA,0.3
Desastres geo-hidrológicos,60008,Gestão de risco de desastre,2015,,Presente,low,Baixo,#FF8300,895,Caraí/MG,0.3
Desastres geo-hidrológicos,60008,Gestão de risco de desastre,2015,,Presente,low,Baixo,#FF8300,5331,Carambeí/PR,0.3
Desastres geo-hidrológicos,60008,Gestão de risco de desastre,2015,,Presente,low,Baixo,#FF8300,1698,Carapebus/RJ,0.3
Desastres geo-hidrológicos,60008,Gestão de risco de desastre,2015,,Presente,low,Baixo,#FF8300,5475,Carauari/AM,0.3
Desastres geo-hidrológicos,60008,Gestão de risco de desastre,2015,,Presente,low,Baixo,#FF8300,1702,Cardoso Moreira/RJ,0.3
Desastres geo-hidrológicos,60008,Gestão de risco de desastre,2015,,Presente,low,Baixo,#FF8300,5476,Careiro/AM,0.3
Desastres geo-hidrológicos,60008,Gestão de risco de desastre,2015,,Presente,low,Baixo,#FF8300,5477,Careiro da Várzea/AM,0.3
Desastres geo-hidrológicos,60008,Gestão de risco de desastre,2015,,Presente,low,Baixo,#FF8300,4930,Carlos Barbosa/RS,0.3
Desastres geo-hidrológicos,60008,Gestão de risco de desastre,2015,,Presente,low,Baixo,#FF8300,902,Carlos Chagas/MG,0.3
Desastres geo-hidrológicos,60008,Gestão de risco de desastre,2015,,Presente,low,Baixo,#FF8300,907,Carmo do Cajuru/MG,0.3
Desastres geo-hidrológicos,60008,Gestão de risco de desastre,2015,,Presente,low,Baixo,#FF8300,2683,Carmo do Rio Verde/GO,0.3
Desastres geo-hidrológicos,60008,Gestão de risco de desastre,2015,,Presente,low,Baixo,#FF8300,3079,Carmolândia/TO,0.3
Desastres geo-hidrológicos,60008,Gestão de risco de desastre,2015,,Presente,low,Baixo,#FF8300,4243,Carnaíba/PE,0.3
Desastres geo-hidrológicos,60008,Gestão de risco de desastre,2015,,Presente,low,Baixo,#FF8300,4244,Carnaubeira da Penha/PE,0.3
Desastres geo-hidrológicos,60008,Gestão de risco de desastre,2015,,Presente,low,Baixo,#FF8300,4628,Casa Nova/BA,0.3
Desastres geo-hidrológicos,60008,Gestão de risco de desastre,2015,,Presente,low,Baixo,#FF8300,916,Cascalho Rico/MG,0.3
Desastres geo-hidrológicos,60008,Gestão de risco de desastre,2015,,Presente,low,Baixo,#FF8300,196,Caseiros/RS,0.3
Desastres geo-hidrológicos,60008,Gestão de risco de desastre,2015,,Presente,low,Baixo,#FF8300,1704,Casimiro de Abreu/RJ,0.3
Desastres geo-hidrológicos,60008,Gestão de risco de desastre,2015,,Presente,low,Baixo,#FF8300,2965,Castanhal/PA,0.3
Desastres geo-hidrológicos,60008,Gestão de risco de desastre,2015,,Presente,low,Baixo,#FF8300,5553,Castanheiras/RO,0.3
Desastres geo-hidrológicos,60008,Gestão de risco de desastre,2015,,Presente,low,Baixo,#FF8300,3458,Castelo do Piauí/PI,0.3
Desastres geo-hidrológicos,60008,Gestão de risco de desastre,2015,,Presente,low,Baixo,#FF8300,2685,Catalão/GO,0.3
Desastres geo-hidrológicos,60008,Gestão de risco de desastre,2015,,Presente,low,Baixo,#FF8300,42,Catanduvas/SC,0.3
Desastres geo-hidrológicos,60008,Gestão de risco de desastre,2015,,Presente,low,Baixo,#FF8300,920,Catas Altas/MG,0.3
Desastres geo-hidrológicos,60008,Gestão de risco de desastre,2015,,Presente,low,Baixo,#FF8300,1897,Catiguá/SP,0.3
Desastres geo-hidrológicos,60008,Gestão de risco de desastre,2015,,Presente,low,Baixo,#FF8300,2686,Caturaí/GO,0.3
Desastres geo-hidrológicos,60008,Gestão de risco de desastre,2015,,Presente,low,Baixo,#FF8300,3671,Caucaia/CE,0.3
Desastres geo-hidrológicos,60008,Gestão de risco de desastre,2015,,Presente,low,Baixo,#FF8300,2580,Caxias do Sul/RS,0.3
Desastres geo-hidrológicos,60008,Gestão de risco de desastre,2015,,Presente,low,Baixo,#FF8300,4249,Cedro/PE,0.3
Desastres geo-hidrológicos,60008,Gestão de risco de desastre,2015,,Presente,low,Baixo,#FF8300,2687,Ceres/GO,0.3
Desastres geo-hidrológicos,60008,Gestão de risco de desastre,2015,,Presente,low,Baixo,#FF8300,2422,Cerro Negro/SC,0.3
Desastres geo-hidrológicos,60008,Gestão de risco de desastre,2015,,Presente,low,Baixo,#FF8300,928,Chácara/MG,0.3
Desastres geo-hidrológicos,60008,Gestão de risco de desastre,2015,,Presente,low,Baixo,#FF8300,4250,Chã de Alegria/PE,0.3
Desastres geo-hidrológicos,60008,Gestão de risco de desastre,2015,,Presente,low,Baixo,#FF8300,2423,Chapadão do Lageado/SC,0.3
Desastres geo-hidrológicos,60008,Gestão de risco de desastre,2015,,Presente,low,Baixo,#FF8300,543,Chapadão do Sul/MS,0.3
Desastres geo-hidrológicos,60008,Gestão de risco de desastre,2015,,Presente,low,Baixo,#FF8300,204,Chapada/RS,0.3
Desastres geo-hidrológicos,60008,Gestão de risco de desastre,2015,,Presente,low,Baixo,#FF8300,206,Charrua/RS,0.3
Desastres geo-hidrológicos,60008,Gestão de risco de desastre,2015,,Presente,low,Baixo,#FF8300,932,Chiador/MG,0.3
Desastres geo-hidrológicos,60008,Gestão de risco de desastre,2015,,Presente,low,Baixo,#FF8300,209,Chuvisca/RS,0.3
Desastres geo-hidrológicos,60008,Gestão de risco de desastre,2015,,Presente,low,Baixo,#FF8300,933,Cipotânea/MG,0.3
Desastres geo-hidrológicos,60008,Gestão de risco de desastre,2015,,Presente,low,Baixo,#FF8300,936,Cláudio/MG,0.3
Desastres geo-hidrológicos,60008,Gestão de risco de desastre,2015,,Presente,low,Baixo,#FF8300,689,Coaraci/BA,0.3
Desastres geo-hidrológicos,60008,Gestão de risco de desastre,2015,,Presente,low,Baixo,#FF8300,5478,Coari/AM,0.3
Desastres geo-hidrológicos,60008,Gestão de risco de desastre,2015,,Presente,low,Baixo,#FF8300,3461,Cocal de Telha/PI,0.3
Desastres geo-hidrológicos,60008,Gestão de risco de desastre,2015,,Presente,low,Baixo,#FF8300,5479,Codajás/AM,0.3
Desastres geo-hidrológicos,60008,Gestão de risco de desastre,2015,,Presente,low,Baixo,#FF8300,3246,Coelho Neto/MA,0.3
Desastres geo-hidrológicos,60008,Gestão de risco de desastre,2015,,Presente,low,Baixo,#FF8300,2895,Colíder/MT,0.3
Desastres geo-hidrológicos,60008,Gestão de risco de desastre,2015,,Presente,low,Baixo,#FF8300,3085,Colinas do Tocantins/TO,0.3
Desastres geo-hidrológicos,60008,Gestão de risco de desastre,2015,,Presente,low,Baixo,#FF8300,3247,Colinas/MA,0.3
Desastres geo-hidrológicos,60008,Gestão de risco de desastre,2015,,Presente,low,Baixo,#FF8300,5106,Colorado/PR,0.3
Desastres geo-hidrológicos,60008,Gestão de risco de desastre,2015,,Presente,low,Baixo,#FF8300,2897,Comodoro/MT,0.3
Desastres geo-hidrológicos,60008,Gestão de risco de desastre,2015,,Presente,low,Baixo,#FF8300,943,Conceição das Alagoas/MG,0.3
Desastres geo-hidrológicos,60008,Gestão de risco de desastre,2015,,Presente,low,Baixo,#FF8300,1705,Conceição de Macabu/RJ,0.3
Desastres geo-hidrológicos,60008,Gestão de risco de desastre,2015,,Presente,low,Baixo,#FF8300,2968,Conceição do Araguaia/PA,0.3
Desastres geo-hidrológicos,60008,Gestão de risco de desastre,2015,,Presente,low,Baixo,#FF8300,3248,Conceição do Lago-Açu/MA,0.3
Desastres geo-hidrológicos,60008,Gestão de risco de desastre,2015,,Presente,low,Baixo,#FF8300,945,Conceição do Mato Dentro/MG,0.3
Desastres geo-hidrológicos,60008,Gestão de risco de desastre,2015,,Presente,low,Baixo,#FF8300,45,Concórdia/SC,0.3
Desastres geo-hidrológicos,60008,Gestão de risco de desastre,2015,,Presente,low,Baixo,#FF8300,4040,Conde/PB,0.3
Desastres geo-hidrológicos,60008,Gestão de risco de desastre,2015,,Presente,low,Baixo,#FF8300,213,Condor/RS,0.3
Desastres geo-hidrológicos,60008,Gestão de risco de desastre,2015,,Presente,low,Baixo,#FF8300,950,Confins/MG,0.3
Desastres geo-hidrológicos,60008,Gestão de risco de desastre,2015,,Presente,low,Baixo,#FF8300,5053,Confresa/MT,0.3
Desastres geo-hidrológicos,60008,Gestão de risco de desastre,2015,,Presente,low,Baixo,#FF8300,951,Congonhal/MG,0.3
Desastres geo-hidrológicos,60008,Gestão de risco de desastre,2015,,Presente,low,Baixo,#FF8300,5336,Congonhinhas/PR,0.3
Desastres geo-hidrológicos,60008,Gestão de risco de desastre,2015,,Presente,low,Baixo,#FF8300,215,Coqueiro Baixo/RS,0.3
Desastres geo-hidrológicos,60008,Gestão de risco de desastre,2015,,Presente,low,Baixo,#FF8300,4643,Coração de Maria/BA,0.3
Desastres geo-hidrológicos,60008,Gestão de risco de desastre,2015,,Presente,low,Baixo,#FF8300,5107,Corbélia/PR,0.3
Desastres geo-hidrológicos,60008,Gestão de risco de desastre,2015,,Presente,low,Baixo,#FF8300,1706,Cordeiro/RJ,0.3
Desastres geo-hidrológicos,60008,Gestão de risco de desastre,2015,,Presente,low,Baixo,#FF8300,4042,Coremas/PB,0.3
Desastres geo-hidrológicos,60008,Gestão de risco de desastre,2015,,Presente,low,Baixo,#FF8300,964,Coroaci/MG,0.3
Desastres geo-hidrológicos,60008,Gestão de risco de desastre,2015,,Presente,low,Baixo,#FF8300,218,Coronel Bicaco/RS,0.3
Desastres geo-hidrológicos,60008,Gestão de risco de desastre,2015,,Presente,low,Baixo,#FF8300,47,Coronel Freitas/SC,0.3
Desastres geo-hidrológicos,60008,Gestão de risco de desastre,2015,,Presente,low,Baixo,#FF8300,48,Coronel Martins/SC,0.3
Desastres geo-hidrológicos,60008,Gestão de risco de desastre,2015,,Presente,low,Baixo,#FF8300,969,Coronel Xavier Chaves/MG,0.3
Desastres geo-hidrológicos,60008,Gestão de risco de desastre,2015,,Presente,low,Baixo,#FF8300,973,Córrego Novo/MG,0.3
Desastres geo-hidrológicos,60008,Gestão de risco de desastre,2015,,Presente,low,Baixo,#FF8300,221,Coxilha/RS,0.3
Desastres geo-hidrológicos,60008,Gestão de risco de desastre,2015,,Presente,low,Baixo,#FF8300,3677,Crateús/CE,0.3
Desastres geo-hidrológicos,60008,Gestão de risco de desastre,2015,,Presente,low,Baixo,#FF8300,222,Crissiumal/RS,0.3
Desastres geo-hidrológicos,60008,Gestão de risco de desastre,2015,,Presente,low,Baixo,#FF8300,977,Cristália/MG,0.3
Desastres geo-hidrológicos,60008,Gestão de risco de desastre,2015,,Presente,low,Baixo,#FF8300,226,Cruzaltense/RS,0.3
Desastres geo-hidrológicos,60008,Gestão de risco de desastre,2015,,Presente,low,Baixo,#FF8300,3680,Cruz/CE,0.3
Desastres geo-hidrológicos,60008,Gestão de risco de desastre,2015,,Presente,low,Baixo,#FF8300,227,Cruzeiro do Sul/RS,0.3
Desastres geo-hidrológicos,60008,Gestão de risco de desastre,2015,,Presente,low,Baixo,#FF8300,4048,Cuité de Mamanguape/PB,0.3
Desastres geo-hidrológicos,60008,Gestão de risco de desastre,2015,,Presente,low,Baixo,#FF8300,5555,Cujubim/RO,0.3
Desastres geo-hidrológicos,60008,Gestão de risco de desastre,2015,,Presente,low,Baixo,#FF8300,4255,Cumaru/PE,0.3
Desastres geo-hidrológicos,60008,Gestão de risco de desastre,2015,,Presente,low,Baixo,#FF8300,983,Cuparaque/MG,0.3
Desastres geo-hidrológicos,60008,Gestão de risco de desastre,2015,,Presente,low,Baixo,#FF8300,4049,Curral de Cima/PB,0.3
Desastres geo-hidrológicos,60008,Gestão de risco de desastre,2015,,Presente,low,Baixo,#FF8300,3474,Curral Novo do Piauí/PI,0.3
Desastres geo-hidrológicos,60008,Gestão de risco de desastre,2015,,Presente,low,Baixo,#FF8300,985,Curvelo/MG,0.3
Desastres geo-hidrológicos,60008,Gestão de risco de desastre,2015,,Presente,low,Baixo,#FF8300,2700,Davinópolis/GO,0.3
Desastres geo-hidrológicos,60008,Gestão de risco de desastre,2015,,Presente,low,Baixo,#FF8300,987,Delfim Moreira/MG,0.3
Desastres geo-hidrológicos,60008,Gestão de risco de desastre,2015,,Presente,low,Baixo,#FF8300,988,Delfinópolis/MG,0.3
Desastres geo-hidrológicos,60008,Gestão de risco de desastre,2015,,Presente,low,Baixo,#FF8300,989,Delta/MG,0.3
Desastres geo-hidrológicos,60008,Gestão de risco de desastre,2015,,Presente,low,Baixo,#FF8300,615,Denise/MT,0.3
Desastres geo-hidrológicos,60008,Gestão de risco de desastre,2015,,Presente,low,Baixo,#FF8300,229,Derrubadas/RS,0.3
Desastres geo-hidrológicos,60008,Gestão de risco de desastre,2015,,Presente,low,Baixo,#FF8300,993,Diamantina/MG,0.3
Desastres geo-hidrológicos,60008,Gestão de risco de desastre,2015,,Presente,low,Baixo,#FF8300,994,Diogo de Vasconcelos/MG,0.3
Desastres geo-hidrológicos,60008,Gestão de risco de desastre,2015,,Presente,low,Baixo,#FF8300,3476,Dirceu Arcoverde/PI,0.3
Desastres geo-hidrológicos,60008,Gestão de risco de desastre,2015,,Presente,low,Baixo,#FF8300,4506,Divina Pastora/SE,0.3
Desastres geo-hidrológicos,60008,Gestão de risco de desastre,2015,,Presente,low,Baixo,#FF8300,1000,Divinópolis/MG,0.3
Desastres geo-hidrológicos,60008,Gestão de risco de desastre,2015,,Presente,low,Baixo,#FF8300,233,Dois Lajeados/RS,0.3
Desastres geo-hidrológicos,60008,Gestão de risco de desastre,2015,,Presente,low,Baixo,#FF8300,1927,Dolcinópolis/SP,0.3
Desastres geo-hidrológicos,60008,Gestão de risco de desastre,2015,,Presente,low,Baixo,#FF8300,1005,Dom Cavati/MG,0.3
Desastres geo-hidrológicos,60008,Gestão de risco de desastre,2015,,Presente,low,Baixo,#FF8300,2973,Dom Eliseu/PA,0.3
Desastres geo-hidrológicos,60008,Gestão de risco de desastre,2015,,Presente,low,Baixo,#FF8300,3477,Dom Expedito Lopes/PI,0.3
Desastres geo-hidrológicos,60008,Gestão de risco de desastre,2015,,Presente,low,Baixo,#FF8300,1628,Domingos Martins/ES,0.3
Desastres geo-hidrológicos,60008,Gestão de risco de desastre,2015,,Presente,low,Baixo,#FF8300,3478,Domingos Mourão/PI,0.3
Desastres geo-hidrológicos,60008,Gestão de risco de desastre,2015,,Presente,low,Baixo,#FF8300,1006,Dom Joaquim/MG,0.3
Desastres geo-hidrológicos,60008,Gestão de risco de desastre,2015,,Presente,low,Baixo,#FF8300,1009,Dona Euzébia/MG,0.3
Desastres geo-hidrológicos,60008,Gestão de risco de desastre,2015,,Presente,low,Baixo,#FF8300,1012,Dores do Indaiá/MG,0.3
Desastres geo-hidrológicos,60008,Gestão de risco de desastre,2015,,Presente,low,Baixo,#FF8300,2701,Edealina/GO,0.3
Desastres geo-hidrológicos,60008,Gestão de risco de desastre,2015,,Presente,low,Baixo,#FF8300,5480,Eirunepé/AM,0.3
Desastres geo-hidrológicos,60008,Gestão de risco de desastre,2015,,Presente,low,Baixo,#FF8300,2974,Eldorado do Carajás/PA,0.3
Desastres geo-hidrológicos,60008,Gestão de risco de desastre,2015,,Presente,low,Baixo,#FF8300,3848,Encanto/RN,0.3
Desastres geo-hidrológicos,60008,Gestão de risco de desastre,2015,,Presente,low,Baixo,#FF8300,1709,Engenheiro Paulo de Frontin/RJ,0.3
Desastres geo-hidrológicos,60008,Gestão de risco de desastre,2015,,Presente,low,Baixo,#FF8300,1020,Entre Folhas/MG,0.3
Desastres geo-hidrológicos,60008,Gestão de risco de desastre,2015,,Presente,low,Baixo,#FF8300,243,Entre Rios do Sul/RS,0.3
Desastres geo-hidrológicos,60008,Gestão de risco de desastre,2015,,Presente,low,Baixo,#FF8300,5481,Envira/AM,0.3
Desastres geo-hidrológicos,60008,Gestão de risco de desastre,2015,,Presente,low,Baixo,#FF8300,245,Erechim/RS,0.3
Desastres geo-hidrológicos,60008,Gestão de risco de desastre,2015,,Presente,low,Baixo,#FF8300,249,Erval Seco/RS,0.3
Desastres geo-hidrológicos,60008,Gestão de risco de desastre,2015,,Presente,low,Baixo,#FF8300,250,Esperança do Sul/RS,0.3
Desastres geo-hidrológicos,60008,Gestão de risco de desastre,2015,,Presente,low,Baixo,#FF8300,3482,Esperantina/PI,0.3
Desastres geo-hidrológicos,60008,Gestão de risco de desastre,2015,,Presente,low,Baixo,#FF8300,3096,Esperantina/TO,0.3
Desastres geo-hidrológicos,60008,Gestão de risco de desastre,2015,,Presente,low,Baixo,#FF8300,1025,Espinosa/MG,0.3
Desastres geo-hidrológicos,60008,Gestão de risco de desastre,2015,,Presente,low,Baixo,#FF8300,251,Espumoso/RS,0.3
Desastres geo-hidrológicos,60008,Gestão de risco de desastre,2015,,Presente,low,Baixo,#FF8300,2585,Estância Velha/RS,0.3
Desastres geo-hidrológicos,60008,Gestão de risco de desastre,2015,,Presente,low,Baixo,#FF8300,4414,Estrela de Alagoas/AL,0.3
Desastres geo-hidrológicos,60008,Gestão de risco de desastre,2015,,Presente,low,Baixo,#FF8300,4659,Euclides da Cunha/BA,0.3
Desastres geo-hidrológicos,60008,Gestão de risco de desastre,2015,,Presente,low,Baixo,#FF8300,1031,Eugenópolis/MG,0.3
Desastres geo-hidrológicos,60008,Gestão de risco de desastre,2015,,Presente,low,Baixo,#FF8300,694,Eunápolis/BA,0.3
Desastres geo-hidrológicos,60008,Gestão de risco de desastre,2015,,Presente,low,Baixo,#FF8300,1033,Extrema/MG,0.3
Desastres geo-hidrológicos,60008,Gestão de risco de desastre,2015,,Presente,low,Baixo,#FF8300,3851,Extremoz/RN,0.3
Desastres geo-hidrológicos,60008,Gestão de risco de desastre,2015,,Presente,low,Baixo,#FF8300,3684,Farias Brito/CE,0.3
Desastres geo-hidrológicos,60008,Gestão de risco de desastre,2015,,Presente,low,Baixo,#FF8300,3483,Fartura do Piauí/PI,0.3
Desastres geo-hidrológicos,60008,Gestão de risco de desastre,2015,,Presente,low,Baixo,#FF8300,554,Fátima do Sul/MS,0.3
Desastres geo-hidrológicos,60008,Gestão de risco de desastre,2015,,Presente,low,Baixo,#FF8300,54,Faxinal dos Guedes/SC,0.3
Desastres geo-hidrológicos,60008,Gestão de risco de desastre,2015,,Presente,low,Baixo,#FF8300,257,Faxinal do Soturno/RS,0.3
Desastres geo-hidrológicos,60008,Gestão de risco de desastre,2015,,Presente,low,Baixo,#FF8300,2828,Feijó/AC,0.3
Desastres geo-hidrológicos,60008,Gestão de risco de desastre,2015,,Presente,low,Baixo,#FF8300,4261,Feira Nova/PE,0.3
Desastres geo-hidrológicos,60008,Gestão de risco de desastre,2015,,Presente,low,Baixo,#FF8300,1036,Felício dos Santos/MG,0.3
Desastres geo-hidrológicos,60008,Gestão de risco de desastre,2015,,Presente,low,Baixo,#FF8300,1039,Felixlândia/MG,0.3
Desastres geo-hidrológicos,60008,Gestão de risco de desastre,2015,,Presente,low,Baixo,#FF8300,2899,Feliz Natal/MT,0.3
Desastres geo-hidrológicos,60008,Gestão de risco de desastre,2015,,Presente,low,Baixo,#FF8300,5343,Fernandes Pinheiro/PR,0.3
Desastres geo-hidrológicos,60008,Gestão de risco de desastre,2015,,Presente,low,Baixo,#FF8300,5041,Ferreira Gomes/AP,0.3
Desastres geo-hidrológicos,60008,Gestão de risco de desastre,2015,,Presente,low,Baixo,#FF8300,617,Figueirópolis D'Oeste/MT,0.3
Desastres geo-hidrológicos,60008,Gestão de risco de desastre,2015,,Presente,low,Baixo,#FF8300,3099,Filadélfia/TO,0.3
Desastres geo-hidrológicos,60008,Gestão de risco de desastre,2015,,Presente,low,Baixo,#FF8300,2975,Floresta do Araguaia/PA,0.3
Desastres geo-hidrológicos,60008,Gestão de risco de desastre,2015,,Presente,low,Baixo,#FF8300,4265,Floresta/PE,0.3
Desastres geo-hidrológicos,60008,Gestão de risco de desastre,2015,,Presente,low,Baixo,#FF8300,3486,Floriano/PI,0.3
Desastres geo-hidrológicos,60008,Gestão de risco de desastre,2015,,Presente,low,Baixo,#FF8300,5482,Fonte Boa/AM,0.3
Desastres geo-hidrológicos,60008,Gestão de risco de desastre,2015,,Presente,low,Baixo,#FF8300,261,Fontoura Xavier/RS,0.3
Desastres geo-hidrológicos,60008,Gestão de risco de desastre,2015,,Presente,low,Baixo,#FF8300,2706,Formosa/GO,0.3
Desastres geo-hidrológicos,60008,Gestão de risco de desastre,2015,,Presente,low,Baixo,#FF8300,2433,Forquilhinha/SC,0.3
Desastres geo-hidrológicos,60008,Gestão de risco de desastre,2015,,Presente,low,Baixo,#FF8300,1046,Fortaleza de Minas/MG,0.3
Desastres geo-hidrológicos,60008,Gestão de risco de desastre,2015,,Presente,low,Baixo,#FF8300,3687,Fortim/CE,0.3
Desastres geo-hidrológicos,60008,Gestão de risco de desastre,2015,,Presente,low,Baixo,#FF8300,2434,Fraiburgo/SC,0.3
Desastres geo-hidrológicos,60008,Gestão de risco de desastre,2015,,Presente,low,Baixo,#FF8300,3487,Francinópolis/PI,0.3
Desastres geo-hidrológicos,60008,Gestão de risco de desastre,2015,,Presente,low,Baixo,#FF8300,265,Frederico Westphalen/RS,0.3
Desastres geo-hidrológicos,60008,Gestão de risco de desastre,2015,,Presente,low,Baixo,#FF8300,1054,Frei Lagonegro/MG,0.3
Desastres geo-hidrológicos,60008,Gestão de risco de desastre,2015,,Presente,low,Baixo,#FF8300,4266,Frei Miguelinho/PE,0.3
Desastres geo-hidrológicos,60008,Gestão de risco de desastre,2015,,Presente,low,Baixo,#FF8300,1957,Gavião Peixoto/SP,0.3
Desastres geo-hidrológicos,60008,Gestão de risco de desastre,2015,,Presente,low,Baixo,#FF8300,619,Glória D'Oeste/MT,0.3
Desastres geo-hidrológicos,60008,Gestão de risco de desastre,2015,,Presente,low,Baixo,#FF8300,4269,Glória do Goitá/PE,0.3
Desastres geo-hidrológicos,60008,Gestão de risco de desastre,2015,,Presente,low,Baixo,#FF8300,3102,Goianorte/TO,0.3
Desastres geo-hidrológicos,60008,Gestão de risco de desastre,2015,,Presente,low,Baixo,#FF8300,2713,Goiás/GO,0.3
Desastres geo-hidrológicos,60008,Gestão de risco de desastre,2015,,Presente,low,Baixo,#FF8300,3264,Governador Edison Lobão/MA,0.3
Desastres geo-hidrológicos,60008,Gestão de risco de desastre,2015,,Presente,low,Baixo,#FF8300,3690,Graça/CE,0.3
Desastres geo-hidrológicos,60008,Gestão de risco de desastre,2015,,Presente,low,Baixo,#FF8300,2590,Gramado/RS,0.3
Desastres geo-hidrológicos,60008,Gestão de risco de desastre,2015,,Presente,low,Baixo,#FF8300,3691,Granja/CE,0.3
Desastres geo-hidrológicos,60008,Gestão de risco de desastre,2015,,Presente,low,Baixo,#FF8300,3692,Granjeiro/CE,0.3
Desastres geo-hidrológicos,60008,Gestão de risco de desastre,2015,,Presente,low,Baixo,#FF8300,2440,Grão Pará/SC,0.3
Desastres geo-hidrológicos,60008,Gestão de risco de desastre,2015,,Presente,low,Baixo,#FF8300,2591,Gravataí/RS,0.3
Desastres geo-hidrológicos,60008,Gestão de risco de desastre,2015,,Presente,low,Baixo,#FF8300,3860,Grossos/RN,0.3
Desastres geo-hidrológicos,60008,Gestão de risco de desastre,2015,,Presente,low,Baixo,#FF8300,1070,Grupiara/MG,0.3
Desastres geo-hidrológicos,60008,Gestão de risco de desastre,2015,,Presente,low,Baixo,#FF8300,2442,Guabiruba/SC,0.3
Desastres geo-hidrológicos,60008,Gestão de risco de desastre,2015,,Presente,low,Baixo,#FF8300,3494,Guadalupe/PI,0.3
Desastres geo-hidrológicos,60008,Gestão de risco de desastre,2015,,Presente,low,Baixo,#FF8300,5483,Guajará/AM,0.3
Desastres geo-hidrológicos,60008,Gestão de risco de desastre,2015,,Presente,low,Baixo,#FF8300,1071,Guanhães/MG,0.3
Desastres geo-hidrológicos,60008,Gestão de risco de desastre,2015,,Presente,low,Baixo,#FF8300,1072,Guapé/MG,0.3
Desastres geo-hidrológicos,60008,Gestão de risco de desastre,2015,,Presente,low,Baixo,#FF8300,1965,Guapiara/SP,0.3
Desastres geo-hidrológicos,60008,Gestão de risco de desastre,2015,,Presente,low,Baixo,#FF8300,58,Guaraciaba/SC,0.3
Desastres geo-hidrológicos,60008,Gestão de risco de desastre,2015,,Presente,low,Baixo,#FF8300,1075,Guaranésia/MG,0.3
Desastres geo-hidrológicos,60008,Gestão de risco de desastre,2015,,Presente,low,Baixo,#FF8300,1076,Guarani/MG,0.3
Desastres geo-hidrológicos,60008,Gestão de risco de desastre,2015,,Presente,low,Baixo,#FF8300,2901,Guarantã do Norte/MT,0.3
Desastres geo-hidrológicos,60008,Gestão de risco de desastre,2015,,Presente,low,Baixo,#FF8300,60,Guatambú/SC,0.3
Desastres geo-hidrológicos,60008,Gestão de risco de desastre,2015,,Presente,low,Baixo,#FF8300,1080,Guidoval/MG,0.3
Desastres geo-hidrológicos,60008,Gestão de risco de desastre,2015,,Presente,low,Baixo,#FF8300,620,Guiratinga/MT,0.3
Desastres geo-hidrológicos,60008,Gestão de risco de desastre,2015,,Presente,low,Baixo,#FF8300,1082,Guiricema/MG,0.3
Desastres geo-hidrológicos,60008,Gestão de risco de desastre,2015,,Presente,low,Baixo,#FF8300,4063,Gurinhém/PB,0.3
Desastres geo-hidrológicos,60008,Gestão de risco de desastre,2015,,Presente,low,Baixo,#FF8300,4916,Herval d'Oeste/SC,0.3
Desastres geo-hidrológicos,60008,Gestão de risco de desastre,2015,,Presente,low,Baixo,#FF8300,3698,Horizonte/CE,0.3
Desastres geo-hidrológicos,60008,Gestão de risco de desastre,2015,,Presente,low,Baixo,#FF8300,1085,Iapu/MG,0.3
Desastres geo-hidrológicos,60008,Gestão de risco de desastre,2015,,Presente,low,Baixo,#FF8300,1635,Ibatiba/ES,0.3
Desastres geo-hidrológicos,60008,Gestão de risco de desastre,2015,,Presente,low,Baixo,#FF8300,283,Ibiaçá/RS,0.3
Desastres geo-hidrológicos,60008,Gestão de risco de desastre,2015,,Presente,low,Baixo,#FF8300,3701,Ibicuitinga/CE,0.3
Desastres geo-hidrológicos,60008,Gestão de risco de desastre,2015,,Presente,low,Baixo,#FF8300,1636,Ibiraçu/ES,0.3
Desastres geo-hidrológicos,60008,Gestão de risco de desastre,2015,,Presente,low,Baixo,#FF8300,285,Ibirapuitã/RS,0.3
Desastres geo-hidrológicos,60008,Gestão de risco de desastre,2015,,Presente,low,Baixo,#FF8300,1988,Ibitinga/SP,0.3
Desastres geo-hidrológicos,60008,Gestão de risco de desastre,2015,,Presente,low,Baixo,#FF8300,4677,Ibititá/BA,0.3
Desastres geo-hidrológicos,60008,Gestão de risco de desastre,2015,,Presente,low,Baixo,#FF8300,1989,Ibiúna/SP,0.3
Desastres geo-hidrológicos,60008,Gestão de risco de desastre,2015,,Presente,low,Baixo,#FF8300,4678,Ibotirama/BA,0.3
Desastres geo-hidrológicos,60008,Gestão de risco de desastre,2015,,Presente,low,Baixo,#FF8300,3702,Icapuí/CE,0.3
Desastres geo-hidrológicos,60008,Gestão de risco de desastre,2015,,Presente,low,Baixo,#FF8300,2446,Içara/SC,0.3
Desastres geo-hidrológicos,60008,Gestão de risco de desastre,2015,,Presente,low,Baixo,#FF8300,3273,Icatu/MA,0.3
Desastres geo-hidrológicos,60008,Gestão de risco de desastre,2015,,Presente,low,Baixo,#FF8300,1990,Icém/SP,0.3
Desastres geo-hidrológicos,60008,Gestão de risco de desastre,2015,,Presente,low,Baixo,#FF8300,3703,Icó/CE,0.3
Desastres geo-hidrológicos,60008,Gestão de risco de desastre,2015,,Presente,low,Baixo,#FF8300,1638,Iconha/ES,0.3
Desastres geo-hidrológicos,60008,Gestão de risco de desastre,2015,,Presente,low,Baixo,#FF8300,4420,Igaci/AL,0.3
Desastres geo-hidrológicos,60008,Gestão de risco de desastre,2015,,Presente,low,Baixo,#FF8300,1096,Igaratinga/MG,0.3
Desastres geo-hidrológicos,60008,Gestão de risco de desastre,2015,,Presente,low,Baixo,#FF8300,2592,Igrejinha/RS,0.3
Desastres geo-hidrológicos,60008,Gestão de risco de desastre,2015,,Presente,low,Baixo,#FF8300,3704,Iguatu/CE,0.3
Desastres geo-hidrológicos,60008,Gestão de risco de desastre,2015,,Presente,low,Baixo,#FF8300,287,Ijuí/RS,0.3
Desastres geo-hidrológicos,60008,Gestão de risco de desastre,2015,,Presente,low,Baixo,#FF8300,1099,Ilicínea/MG,0.3
Desastres geo-hidrológicos,60008,Gestão de risco de desastre,2015,,Presente,low,Baixo,#FF8300,288,Ilópolis/RS,0.3
Desastres geo-hidrológicos,60008,Gestão de risco de desastre,2015,,Presente,low,Baixo,#FF8300,2593,Imbé/RS,0.3
Desastres geo-hidrológicos,60008,Gestão de risco de desastre,2015,,Presente,low,Baixo,#FF8300,3276,Imperatriz/MA,0.3
Desastres geo-hidrológicos,60008,Gestão de risco de desastre,2015,,Presente,low,Baixo,#FF8300,2451,Indaial/SC,0.3
Desastres geo-hidrológicos,60008,Gestão de risco de desastre,2015,,Presente,low,Baixo,#FF8300,4279,Ingazeira/PE,0.3
Desastres geo-hidrológicos,60008,Gestão de risco de desastre,2015,,Presente,low,Baixo,#FF8300,4422,Inhapi/AL,0.3
Desastres geo-hidrológicos,60008,Gestão de risco de desastre,2015,,Presente,low,Baixo,#FF8300,1105,Inhapim/MG,0.3
Desastres geo-hidrológicos,60008,Gestão de risco de desastre,2015,,Presente,low,Baixo,#FF8300,292,Ipiranga do Sul/RS,0.3
Desastres geo-hidrológicos,60008,Gestão de risco de desastre,2015,,Presente,low,Baixo,#FF8300,5485,Ipixuna/AM,0.3
Desastres geo-hidrológicos,60008,Gestão de risco de desastre,2015,,Presente,low,Baixo,#FF8300,2981,Ipixuna do Pará/PA,0.3
Desastres geo-hidrológicos,60008,Gestão de risco de desastre,2015,,Presente,low,Baixo,#FF8300,3106,Ipueiras/TO,0.3
Desastres geo-hidrológicos,60008,Gestão de risco de desastre,2015,,Presente,low,Baixo,#FF8300,64,Ipumirim/SC,0.3
Desastres geo-hidrológicos,60008,Gestão de risco de desastre,2015,,Presente,low,Baixo,#FF8300,293,Iraí/RS,0.3
Desastres geo-hidrológicos,60008,Gestão de risco de desastre,2015,,Presente,low,Baixo,#FF8300,4690,Irará/BA,0.3
Desastres geo-hidrológicos,60008,Gestão de risco de desastre,2015,,Presente,low,Baixo,#FF8300,3711,Irauçuba/CE,0.3
Desastres geo-hidrológicos,60008,Gestão de risco de desastre,2015,,Presente,low,Baixo,#FF8300,2982,Irituia/PA,0.3
Desastres geo-hidrológicos,60008,Gestão de risco de desastre,2015,,Presente,low,Baixo,#FF8300,3500,Isaías Coelho/PI,0.3
Desastres geo-hidrológicos,60008,Gestão de risco de desastre,2015,,Presente,low,Baixo,#FF8300,4068,Itabaiana/PB,0.3
Desastres geo-hidrológicos,60008,Gestão de risco de desastre,2015,,Presente,low,Baixo,#FF8300,4515,Itabaiana/SE,0.3
Desastres geo-hidrológicos,60008,Gestão de risco de desastre,2015,,Presente,low,Baixo,#FF8300,1115,Itabirinha/MG,0.3
Desastres geo-hidrológicos,60008,Gestão de risco de desastre,2015,,Presente,low,Baixo,#FF8300,705,Itabuna/BA,0.3
Desastres geo-hidrológicos,60008,Gestão de risco de desastre,2015,,Presente,low,Baixo,#FF8300,5487,Itacoatiara/AM,0.3
Desastres geo-hidrológicos,60008,Gestão de risco de desastre,2015,,Presente,low,Baixo,#FF8300,3712,Itaiçaba/CE,0.3
Desastres geo-hidrológicos,60008,Gestão de risco de desastre,2015,,Presente,low,Baixo,#FF8300,3501,Itainópolis/PI,0.3
Desastres geo-hidrológicos,60008,Gestão de risco de desastre,2015,,Presente,low,Baixo,#FF8300,4972,Itajá/GO,0.3
Desastres geo-hidrológicos,60008,Gestão de risco de desastre,2015,,Presente,low,Baixo,#FF8300,2455,Itajaí/SC,0.3
Desastres geo-hidrológicos,60008,Gestão de risco de desastre,2015,,Presente,low,Baixo,#FF8300,1122,Itamarandiba/MG,0.3
Desastres geo-hidrológicos,60008,Gestão de risco de desastre,2015,,Presente,low,Baixo,#FF8300,1123,Itamarati de Minas/MG,0.3
Desastres geo-hidrológicos,60008,Gestão de risco de desastre,2015,,Presente,low,Baixo,#FF8300,1124,Itambacuri/MG,0.3
Desastres geo-hidrológicos,60008,Gestão de risco de desastre,2015,,Presente,low,Baixo,#FF8300,1125,Itambé do Mato Dentro/MG,0.3
Desastres geo-hidrológicos,60008,Gestão de risco de desastre,2015,,Presente,low,Baixo,#FF8300,1127,Itamonte/MG,0.3
Desastres geo-hidrológicos,60008,Gestão de risco de desastre,2015,,Presente,low,Baixo,#FF8300,1131,Itapagipe/MG,0.3
Desastres geo-hidrológicos,60008,Gestão de risco de desastre,2015,,Presente,low,Baixo,#FF8300,4697,Itaparica/BA,0.3
Desastres geo-hidrológicos,60008,Gestão de risco de desastre,2015,,Presente,low,Baixo,#FF8300,713,Itapebi/BA,0.3
Desastres geo-hidrológicos,60008,Gestão de risco de desastre,2015,,Presente,low,Baixo,#FF8300,2016,Itapecerica da Serra/SP,0.3
Desastres geo-hidrológicos,60008,Gestão de risco de desastre,2015,,Presente,low,Baixo,#FF8300,2456,Itapema/SC,0.3
Desastres geo-hidrológicos,60008,Gestão de risco de desastre,2015,,Presente,low,Baixo,#FF8300,69,Itapiranga/SC,0.3
Desastres geo-hidrológicos,60008,Gestão de risco de desastre,2015,,Presente,low,Baixo,#FF8300,4287,Itapissuma/PE,0.3
Desastres geo-hidrológicos,60008,Gestão de risco de desastre,2015,,Presente,low,Baixo,#FF8300,3716,Itapiúna/CE,0.3
Desastres geo-hidrológicos,60008,Gestão de risco de desastre,2015,,Presente,low,Baixo,#FF8300,2457,Itapoá/SC,0.3
Desastres geo-hidrológicos,60008,Gestão de risco de desastre,2015,,Presente,low,Baixo,#FF8300,4518,Itaporanga d'Ajuda/SE,0.3
Desastres geo-hidrológicos,60008,Gestão de risco de desastre,2015,,Presente,low,Baixo,#FF8300,4069,Itaporanga/PB,0.3
Desastres geo-hidrológicos,60008,Gestão de risco de desastre,2015,,Presente,low,Baixo,#FF8300,296,Itapuca/RS,0.3
Desastres geo-hidrológicos,60008,Gestão de risco de desastre,2015,,Presente,low,Baixo,#FF8300,561,Itaquiraí/MS,0.3
Desastres geo-hidrológicos,60008,Gestão de risco de desastre,2015,,Presente,low,Baixo,#FF8300,3717,Itarema/CE,0.3
Desastres geo-hidrológicos,60008,Gestão de risco de desastre,2015,,Presente,low,Baixo,#FF8300,1717,Itatiaia/RJ,0.3
Desastres geo-hidrológicos,60008,Gestão de risco de desastre,2015,,Presente,low,Baixo,#FF8300,717,Itororó/BA,0.3
Desastres geo-hidrológicos,60008,Gestão de risco de desastre,2015,,Presente,low,Baixo,#FF8300,1139,Itueta/MG,0.3
Desastres geo-hidrológicos,60008,Gestão de risco de desastre,2015,,Presente,low,Baixo,#FF8300,2034,Itupeva/SP,0.3
Desastres geo-hidrológicos,60008,Gestão de risco de desastre,2015,,Presente,low,Baixo,#FF8300,1143,Itutinga/MG,0.3
Desastres geo-hidrológicos,60008,Gestão de risco de desastre,2015,,Presente,low,Baixo,#FF8300,1643,Iúna/ES,0.3
Desastres geo-hidrológicos,60008,Gestão de risco de desastre,2015,,Presente,low,Baixo,#FF8300,5160,Ivatuba/PR,0.3
Desastres geo-hidrológicos,60008,Gestão de risco de desastre,2015,,Presente,low,Baixo,#FF8300,1144,Jaboticatubas/MG,0.3
Desastres geo-hidrológicos,60008,Gestão de risco de desastre,2015,,Presente,low,Baixo,#FF8300,2867,Jacareacanga/PA,0.3
Desastres geo-hidrológicos,60008,Gestão de risco de desastre,2015,,Presente,low,Baixo,#FF8300,4423,Jacaré dos Homens/AL,0.3
Desastres geo-hidrológicos,60008,Gestão de risco de desastre,2015,,Presente,low,Baixo,#FF8300,2459,Jacinto Machado/SC,0.3
Desastres geo-hidrológicos,60008,Gestão de risco de desastre,2015,,Presente,low,Baixo,#FF8300,2984,Jacundá/PA,0.3
Desastres geo-hidrológicos,60008,Gestão de risco de desastre,2015,,Presente,low,Baixo,#FF8300,1147,Jacutinga/MG,0.3
Desastres geo-hidrológicos,60008,Gestão de risco de desastre,2015,,Presente,low,Baixo,#FF8300,3721,Jaguaribe/CE,0.3
Desastres geo-hidrológicos,60008,Gestão de risco de desastre,2015,,Presente,low,Baixo,#FF8300,3722,Jaguaruana/CE,0.3
Desastres geo-hidrológicos,60008,Gestão de risco de desastre,2015,,Presente,low,Baixo,#FF8300,3870,Januário Cicco/RN,0.3
Desastres geo-hidrológicos,60008,Gestão de risco de desastre,2015,,Presente,low,Baixo,#FF8300,1718,Japeri/RJ,0.3
Desastres geo-hidrológicos,60008,Gestão de risco de desastre,2015,,Presente,low,Baixo,#FF8300,4520,Japoatã/SE,0.3
Desastres geo-hidrológicos,60008,Gestão de risco de desastre,2015,,Presente,low,Baixo,#FF8300,4290,Jaqueira/PE,0.3
Desastres geo-hidrológicos,60008,Gestão de risco de desastre,2015,,Presente,low,Baixo,#FF8300,3873,Jardim de Piranhas/RN,0.3
Desastres geo-hidrológicos,60008,Gestão de risco de desastre,2015,,Presente,low,Baixo,#FF8300,3505,Jardim do Mulato/PI,0.3
Desastres geo-hidrológicos,60008,Gestão de risco de desastre,2015,,Presente,low,Baixo,#FF8300,2046,Jarinu/SP,0.3
Desastres geo-hidrológicos,60008,Gestão de risco de desastre,2015,,Presente,low,Baixo,#FF8300,4974,Jataí/GO,0.3
Desastres geo-hidrológicos,60008,Gestão de risco de desastre,2015,,Presente,low,Baixo,#FF8300,2739,Jaupaci/GO,0.3
Desastres geo-hidrológicos,60008,Gestão de risco de desastre,2015,,Presente,low,Baixo,#FF8300,3281,Jenipapo dos Vieiras/MA,0.3
Desastres geo-hidrológicos,60008,Gestão de risco de desastre,2015,,Presente,low,Baixo,#FF8300,2740,Jesúpolis/GO,0.3
Desastres geo-hidrológicos,60008,Gestão de risco de desastre,2015,,Presente,low,Baixo,#FF8300,3725,Jijoca de Jericoacoara/CE,0.3
Desastres geo-hidrológicos,60008,Gestão de risco de desastre,2015,,Presente,low,Baixo,#FF8300,4712,Jitaúna/BA,0.3
Desastres geo-hidrológicos,60008,Gestão de risco de desastre,2015,,Presente,low,Baixo,#FF8300,1162,Joaíma/MG,0.3
Desastres geo-hidrológicos,60008,Gestão de risco de desastre,2015,,Presente,low,Baixo,#FF8300,4293,João Alfredo/PE,0.3
Desastres geo-hidrológicos,60008,Gestão de risco de desastre,2015,,Presente,low,Baixo,#FF8300,3875,João Câmara/RN,0.3
Desastres geo-hidrológicos,60008,Gestão de risco de desastre,2015,,Presente,low,Baixo,#FF8300,1167,Jordânia/MG,0.3
Desastres geo-hidrológicos,60008,Gestão de risco de desastre,2015,,Presente,low,Baixo,#FF8300,2463,José Boiteux/SC,0.3
Desastres geo-hidrológicos,60008,Gestão de risco de desastre,2015,,Presente,low,Baixo,#FF8300,3283,Joselândia/MA,0.3
Desastres geo-hidrológicos,60008,Gestão de risco de desastre,2015,,Presente,low,Baixo,#FF8300,1169,José Raydan/MG,0.3
Desastres geo-hidrológicos,60008,Gestão de risco de desastre,2015,,Presente,low,Baixo,#FF8300,1172,Juatuba/MG,0.3
Desastres geo-hidrológicos,60008,Gestão de risco de desastre,2015,,Presente,low,Baixo,#FF8300,3726,Juazeiro do Norte/CE,0.3
Desastres geo-hidrológicos,60008,Gestão de risco de desastre,2015,,Presente,low,Baixo,#FF8300,3512,Juazeiro do Piauí/PI,0.3
Desastres geo-hidrológicos,60008,Gestão de risco de desastre,2015,,Presente,low,Baixo,#FF8300,3879,Jundiá/RN,0.3
Desastres geo-hidrológicos,60008,Gestão de risco de desastre,2015,,Presente,low,Baixo,#FF8300,5491,Juruá/AM,0.3
Desastres geo-hidrológicos,60008,Gestão de risco de desastre,2015,,Presente,low,Baixo,#FF8300,2868,Juruti/PA,0.3
Desastres geo-hidrológicos,60008,Gestão de risco de desastre,2015,,Presente,low,Baixo,#FF8300,626,Juscimeira/MT,0.3
Desastres geo-hidrológicos,60008,Gestão de risco de desastre,2015,,Presente,low,Baixo,#FF8300,5492,Jutaí/AM,0.3
Desastres geo-hidrológicos,60008,Gestão de risco de desastre,2015,,Presente,low,Baixo,#FF8300,5009,Juvenília/MG,0.3
Desastres geo-hidrológicos,60008,Gestão de risco de desastre,2015,,Presente,low,Baixo,#FF8300,568,Ladário/MS,0.3
Desastres geo-hidrológicos,60008,Gestão de risco de desastre,2015,,Presente,low,Baixo,#FF8300,4521,Lagarto/SE,0.3
Desastres geo-hidrológicos,60008,Gestão de risco de desastre,2015,,Presente,low,Baixo,#FF8300,2464,Lages/SC,0.3
Desastres geo-hidrológicos,60008,Gestão de risco de desastre,2015,,Presente,low,Baixo,#FF8300,4431,Lagoa da Canoa/AL,0.3
Desastres geo-hidrológicos,60008,Gestão de risco de desastre,2015,,Presente,low,Baixo,#FF8300,4300,Lagoa do Ouro/PE,0.3
Desastres geo-hidrológicos,60008,Gestão de risco de desastre,2015,,Presente,low,Baixo,#FF8300,3114,Lagoa do Tocantins/TO,0.3
Desastres geo-hidrológicos,60008,Gestão de risco de desastre,2015,,Presente,low,Baixo,#FF8300,1182,Lagoa Grande/MG,0.3
Desastres geo-hidrológicos,60008,Gestão de risco de desastre,2015,,Presente,low,Baixo,#FF8300,1183,Lagoa Santa/MG,0.3
Desastres geo-hidrológicos,60008,Gestão de risco de desastre,2015,,Presente,low,Baixo,#FF8300,4936,Lagoa Vermelha/RS,0.3
Desastres geo-hidrológicos,60008,Gestão de risco de desastre,2015,,Presente,low,Baixo,#FF8300,3286,Lago do Junco/MA,0.3
Desastres geo-hidrológicos,60008,Gestão de risco de desastre,2015,,Presente,low,Baixo,#FF8300,3287,Lago Verde/MA,0.3
Desastres geo-hidrológicos,60008,Gestão de risco de desastre,2015,,Presente,low,Baixo,#FF8300,75,Lajeado Grande/SC,0.3
Desastres geo-hidrológicos,60008,Gestão de risco de desastre,2015,,Presente,low,Baixo,#FF8300,3291,Lajeado Novo/MA,0.3
Desastres geo-hidrológicos,60008,Gestão de risco de desastre,2015,,Presente,low,Baixo,#FF8300,3115,Lajeado/TO,0.3
Desastres geo-hidrológicos,60008,Gestão de risco de desastre,2015,,Presente,low,Baixo,#FF8300,4720,Lajedinho/BA,0.3
Desastres geo-hidrológicos,60008,Gestão de risco de desastre,2015,,Presente,low,Baixo,#FF8300,1185,Lambari/MG,0.3
Desastres geo-hidrológicos,60008,Gestão de risco de desastre,2015,,Presente,low,Baixo,#FF8300,1186,Lamim/MG,0.3
Desastres geo-hidrológicos,60008,Gestão de risco de desastre,2015,,Presente,low,Baixo,#FF8300,2058,Laranjal Paulista/SP,0.3
Desastres geo-hidrológicos,60008,Gestão de risco de desastre,2015,,Presente,low,Baixo,#FF8300,5171,Laranjeiras do Sul/PR,0.3
Desastres geo-hidrológicos,60008,Gestão de risco de desastre,2015,,Presente,low,Baixo,#FF8300,4724,Lauro de Freitas/BA,0.3
Desastres geo-hidrológicos,60008,Gestão de risco de desastre,2015,,Presente,low,Baixo,#FF8300,3728,Lavras da Mangabeira/CE,0.3
Desastres geo-hidrológicos,60008,Gestão de risco de desastre,2015,,Presente,low,Baixo,#FF8300,1189,Lavras/MG,0.3
Desastres geo-hidrológicos,60008,Gestão de risco de desastre,2015,,Presente,low,Baixo,#FF8300,2468,Lebon Régis/SC,0.3
Desastres geo-hidrológicos,60008,Gestão de risco de desastre,2015,,Presente,low,Baixo,#FF8300,1191,Leme do Prado/MG,0.3
Desastres geo-hidrológicos,60008,Gestão de risco de desastre,2015,,Presente,low,Baixo,#FF8300,2742,Leopoldo de Bulhões/GO,0.3
Desastres geo-hidrológicos,60008,Gestão de risco de desastre,2015,,Presente,low,Baixo,#FF8300,314,Liberato Salzano/RS,0.3
Desastres geo-hidrológicos,60008,Gestão de risco de desastre,2015,,Presente,low,Baixo,#FF8300,1194,Lima Duarte/MG,0.3
Desastres geo-hidrológicos,60008,Gestão de risco de desastre,2015,,Presente,low,Baixo,#FF8300,76,Lindóia do Sul/SC,0.3
Desastres geo-hidrológicos,60008,Gestão de risco de desastre,2015,,Presente,low,Baixo,#FF8300,2598,Linha Nova/RS,0.3
Desastres geo-hidrológicos,60008,Gestão de risco de desastre,2015,,Presente,low,Baixo,#FF8300,1648,Linhares/ES,0.3
Desastres geo-hidrológicos,60008,Gestão de risco de desastre,2015,,Presente,low,Baixo,#FF8300,1196,Lontra/MG,0.3
Desastres geo-hidrológicos,60008,Gestão de risco de desastre,2015,,Presente,low,Baixo,#FF8300,2471,Luiz Alves/SC,0.3
Desastres geo-hidrológicos,60008,Gestão de risco de desastre,2015,,Presente,low,Baixo,#FF8300,2072,Luiziânia/SP,0.3
Desastres geo-hidrológicos,60008,Gestão de risco de desastre,2015,,Presente,low,Baixo,#FF8300,3523,Luzilândia/PI,0.3
Desastres geo-hidrológicos,60008,Gestão de risco de desastre,2015,,Presente,low,Baixo,#FF8300,2076,Macaubal/SP,0.3
Desastres geo-hidrológicos,60008,Gestão de risco de desastre,2015,,Presente,low,Baixo,#FF8300,3890,Macau/RN,0.3
Desastres geo-hidrológicos,60008,Gestão de risco de desastre,2015,,Presente,low,Baixo,#FF8300,315,Machadinho/RS,0.3
Desastres geo-hidrológicos,60008,Gestão de risco de desastre,2015,,Presente,low,Baixo,#FF8300,1202,Machado/MG,0.3
Desastres geo-hidrológicos,60008,Gestão de risco de desastre,2015,,Presente,low,Baixo,#FF8300,3524,Madeiro/PI,0.3
Desastres geo-hidrológicos,60008,Gestão de risco de desastre,2015,,Presente,low,Baixo,#FF8300,2472,Mafra/SC,0.3
Desastres geo-hidrológicos,60008,Gestão de risco de desastre,2015,,Presente,low,Baixo,#FF8300,2987,Magalhães Barata/PA,0.3
Desastres geo-hidrológicos,60008,Gestão de risco de desastre,2015,,Presente,low,Baixo,#FF8300,5181,Mandaguari/PR,0.3
Desastres geo-hidrológicos,60008,Gestão de risco de desastre,2015,,Presente,low,Baixo,#FF8300,2081,Manduri/SP,0.3
Desastres geo-hidrológicos,60008,Gestão de risco de desastre,2015,,Presente,low,Baixo,#FF8300,317,Manoel Viana/RS,0.3
Desastres geo-hidrológicos,60008,Gestão de risco de desastre,2015,,Presente,low,Baixo,#FF8300,2475,Maracajá/SC,0.3
Desastres geo-hidrológicos,60008,Gestão de risco de desastre,2015,,Presente,low,Baixo,#FF8300,3731,Maracanaú/CE,0.3
Desastres geo-hidrológicos,60008,Gestão de risco de desastre,2015,,Presente,low,Baixo,#FF8300,4308,Maraial/PE,0.3
Desastres geo-hidrológicos,60008,Gestão de risco de desastre,2015,,Presente,low,Baixo,#FF8300,3297,Marajá do Sena/MA,0.3
Desastres geo-hidrológicos,60008,Gestão de risco de desastre,2015,,Presente,low,Baixo,#FF8300,3732,Maranguape/CE,0.3
Desastres geo-hidrológicos,60008,Gestão de risco de desastre,2015,,Presente,low,Baixo,#FF8300,2990,Marapanim/PA,0.3
Desastres geo-hidrológicos,60008,Gestão de risco de desastre,2015,,Presente,low,Baixo,#FF8300,3733,Marco/CE,0.3
Desastres geo-hidrológicos,60008,Gestão de risco de desastre,2015,,Presente,low,Baixo,#FF8300,1215,Mário Campos/MG,0.3
Desastres geo-hidrológicos,60008,Gestão de risco de desastre,2015,,Presente,low,Baixo,#FF8300,1217,Marliéria/MG,0.3
Desastres geo-hidrológicos,60008,Gestão de risco de desastre,2015,,Presente,low,Baixo,#FF8300,3893,Martins/RN,0.3
Desastres geo-hidrológicos,60008,Gestão de risco de desastre,2015,,Presente,low,Baixo,#FF8300,4526,Maruim/SE,0.3
Desastres geo-hidrológicos,60008,Gestão de risco de desastre,2015,,Presente,low,Baixo,#FF8300,3301,Matões/MA,0.3
Desastres geo-hidrológicos,60008,Gestão de risco de desastre,2015,,Presente,low,Baixo,#FF8300,327,Mato Queimado/RS,0.3
Desastres geo-hidrológicos,60008,Gestão de risco de desastre,2015,,Presente,low,Baixo,#FF8300,5197,Mato Rico/PR,0.3
Desastres geo-hidrológicos,60008,Gestão de risco de desastre,2015,,Presente,low,Baixo,#FF8300,2477,Matos Costa/SC,0.3
Desastres geo-hidrológicos,60008,Gestão de risco de desastre,2015,,Presente,low,Baixo,#FF8300,4441,Matriz de Camaragibe/AL,0.3
Desastres geo-hidrológicos,60008,Gestão de risco de desastre,2015,,Presente,low,Baixo,#FF8300,1229,Matutina/MG,0.3
Desastres geo-hidrológicos,60008,Gestão de risco de desastre,2015,,Presente,low,Baixo,#FF8300,5499,Maués/AM,0.3
Desastres geo-hidrológicos,60008,Gestão de risco de desastre,2015,,Presente,low,Baixo,#FF8300,3736,Mauriti/CE,0.3
Desastres geo-hidrológicos,60008,Gestão de risco de desastre,2015,,Presente,low,Baixo,#FF8300,2090,Mendonça/SP,0.3
Desastres geo-hidrológicos,60008,Gestão de risco de desastre,2015,,Presente,low,Baixo,#FF8300,3530,Miguel Alves/PI,0.3
Desastres geo-hidrológicos,60008,Gestão de risco de desastre,2015,,Presente,low,Baixo,#FF8300,4739,Miguel Calmon/BA,0.3
Desastres geo-hidrológicos,60008,Gestão de risco de desastre,2015,,Presente,low,Baixo,#FF8300,3738,Milagres/CE,0.3
Desastres geo-hidrológicos,60008,Gestão de risco de desastre,2015,,Presente,low,Baixo,#FF8300,3532,Milton Brandão/PI,0.3
Desastres geo-hidrológicos,60008,Gestão de risco de desastre,2015,,Presente,low,Baixo,#FF8300,329,Minas do Leão/RS,0.3
Desastres geo-hidrológicos,60008,Gestão de risco de desastre,2015,,Presente,low,Baixo,#FF8300,1237,Mirabela/MG,0.3
Desastres geo-hidrológicos,60008,Gestão de risco de desastre,2015,,Presente,low,Baixo,#FF8300,330,Miraguaí/RS,0.3
Desastres geo-hidrológicos,60008,Gestão de risco de desastre,2015,,Presente,low,Baixo,#FF8300,3305,Miranda do Norte/MA,0.3
Desastres geo-hidrológicos,60008,Gestão de risco de desastre,2015,,Presente,low,Baixo,#FF8300,3306,Mirinzal/MA,0.3
Desastres geo-hidrológicos,60008,Gestão de risco de desastre,2015,,Presente,low,Baixo,#FF8300,3741,Missão Velha/CE,0.3
Desastres geo-hidrológicos,60008,Gestão de risco de desastre,2015,,Presente,low,Baixo,#FF8300,3742,Mombaça/CE,0.3
Desastres geo-hidrológicos,60008,Gestão de risco de desastre,2015,,Presente,low,Baixo,#FF8300,4883,Monte Alegre de Goiás/GO,0.3
Desastres geo-hidrológicos,60008,Gestão de risco de desastre,2015,,Presente,low,Baixo,#FF8300,2601,Monte Alegre dos Campos/RS,0.3
Desastres geo-hidrológicos,60008,Gestão de risco de desastre,2015,,Presente,low,Baixo,#FF8300,2871,Monte Alegre/PA,0.3
Desastres geo-hidrológicos,60008,Gestão de risco de desastre,2015,,Presente,low,Baixo,#FF8300,2108,Monte Alto/SP,0.3
Desastres geo-hidrológicos,60008,Gestão de risco de desastre,2015,,Presente,low,Baixo,#FF8300,332,Monte Belo do Sul/RS,0.3
Desastres geo-hidrológicos,60008,Gestão de risco de desastre,2015,,Presente,low,Baixo,#FF8300,1252,Montes Claros/MG,0.3
Desastres geo-hidrológicos,60008,Gestão de risco de desastre,2015,,Presente,low,Baixo,#FF8300,1254,Montezuma/MG,0.3
Desastres geo-hidrológicos,60008,Gestão de risco de desastre,2015,,Presente,low,Baixo,#FF8300,3744,Morada Nova/CE,0.3
Desastres geo-hidrológicos,60008,Gestão de risco de desastre,2015,,Presente,low,Baixo,#FF8300,4743,Morpará/BA,0.3
Desastres geo-hidrológicos,60008,Gestão de risco de desastre,2015,,Presente,low,Baixo,#FF8300,3537,Morro do Chapéu do Piauí/PI,0.3
Desastres geo-hidrológicos,60008,Gestão de risco de desastre,2015,,Presente,low,Baixo,#FF8300,1257,Morro do Pilar/MG,0.3
Desastres geo-hidrológicos,60008,Gestão de risco de desastre,2015,,Presente,low,Baixo,#FF8300,3309,Morros/MA,0.3
Desastres geo-hidrológicos,60008,Gestão de risco de desastre,2015,,Presente,low,Baixo,#FF8300,2604,Mostardas/RS,0.3
Desastres geo-hidrológicos,60008,Gestão de risco de desastre,2015,,Presente,low,Baixo,#FF8300,1656,Muniz Freire/ES,0.3
Desastres geo-hidrológicos,60008,Gestão de risco de desastre,2015,,Presente,low,Baixo,#FF8300,4445,Murici/AL,0.3
Desastres geo-hidrológicos,60008,Gestão de risco de desastre,2015,,Presente,low,Baixo,#FF8300,3538,Murici dos Portelas/PI,0.3
Desastres geo-hidrológicos,60008,Gestão de risco de desastre,2015,,Presente,low,Baixo,#FF8300,2116,Murutinga do Sul/SP,0.3
Desastres geo-hidrológicos,60008,Gestão de risco de desastre,2015,,Presente,low,Baixo,#FF8300,4751,Mutuípe/BA,0.3
Desastres geo-hidrológicos,60008,Gestão de risco de desastre,2015,,Presente,low,Baixo,#FF8300,1260,Mutum/MG,0.3
Desastres geo-hidrológicos,60008,Gestão de risco de desastre,2015,,Presente,low,Baixo,#FF8300,1265,Natalândia/MG,0.3
Desastres geo-hidrológicos,60008,Gestão de risco de desastre,2015,,Presente,low,Baixo,#FF8300,1729,Natividade/RJ,0.3
Desastres geo-hidrológicos,60008,Gestão de risco de desastre,2015,,Presente,low,Baixo,#FF8300,3128,Natividade/TO,0.3
Desastres geo-hidrológicos,60008,Gestão de risco de desastre,2015,,Presente,low,Baixo,#FF8300,4311,Nazaré da Mata/PE,0.3
Desastres geo-hidrológicos,60008,Gestão de risco de desastre,2015,,Presente,low,Baixo,#FF8300,4105,Nazarezinho/PB,0.3
Desastres geo-hidrológicos,60008,Gestão de risco de desastre,2015,,Presente,low,Baixo,#FF8300,1269,Ninheira/MG,0.3
Desastres geo-hidrológicos,60008,Gestão de risco de desastre,2015,,Presente,low,Baixo,#FF8300,2911,Nova Bandeirantes/MT,0.3
Desastres geo-hidrológicos,60008,Gestão de risco de desastre,2015,,Presente,low,Baixo,#FF8300,342,Nova Bassano/RS,0.3
Desastres geo-hidrológicos,60008,Gestão de risco de desastre,2015,,Presente,low,Baixo,#FF8300,344,Nova Bréscia/RS,0.3
Desastres geo-hidrológicos,60008,Gestão de risco de desastre,2015,,Presente,low,Baixo,#FF8300,2758,Nova Glória/GO,0.3
Desastres geo-hidrológicos,60008,Gestão de risco de desastre,2015,,Presente,low,Baixo,#FF8300,1733,Nova Iguaçu/RJ,0.3
Desastres geo-hidrológicos,60008,Gestão de risco de desastre,2015,,Presente,low,Baixo,#FF8300,83,Nova Itaberaba/SC,0.3
Desastres geo-hidrológicos,60008,Gestão de risco de desastre,2015,,Presente,low,Baixo,#FF8300,1272,Nova Lima/MG,0.3
Desastres geo-hidrológicos,60008,Gestão de risco de desastre,2015,,Presente,low,Baixo,#FF8300,5501,Nova Olinda do Norte/AM,0.3
Desastres geo-hidrológicos,60008,Gestão de risco de desastre,2015,,Presente,low,Baixo,#FF8300,3130,Nova Olinda/TO,0.3
Desastres geo-hidrológicos,60008,Gestão de risco de desastre,2015,,Presente,low,Baixo,#FF8300,2608,Nova Petrópolis/RS,0.3
Desastres geo-hidrológicos,60008,Gestão de risco de desastre,2015,,Presente,low,Baixo,#FF8300,3750,Nova Russas/CE,0.3
Desastres geo-hidrológicos,60008,Gestão de risco de desastre,2015,,Presente,low,Baixo,#FF8300,2912,Nova Santa Helena/MT,0.3
Desastres geo-hidrológicos,60008,Gestão de risco de desastre,2015,,Presente,low,Baixo,#FF8300,5561,Nova União/RO,0.3
Desastres geo-hidrológicos,60008,Gestão de risco de desastre,2015,,Presente,low,Baixo,#FF8300,5503,Novo Aripuanã/AM,0.3
Desastres geo-hidrológicos,60008,Gestão de risco de desastre,2015,,Presente,low,Baixo,#FF8300,2760,Novo Brasil/GO,0.3
Desastres geo-hidrológicos,60008,Gestão de risco de desastre,2015,,Presente,low,Baixo,#FF8300,4760,Novo Horizonte/BA,0.3
Desastres geo-hidrológicos,60008,Gestão de risco de desastre,2015,,Presente,low,Baixo,#FF8300,2132,Novo Horizonte/SP,0.3
Desastres geo-hidrológicos,60008,Gestão de risco de desastre,2015,,Presente,low,Baixo,#FF8300,2872,Novo Progresso/PA,0.3
Desastres geo-hidrológicos,60008,Gestão de risco de desastre,2015,,Presente,low,Baixo,#FF8300,2998,Novo Repartimento/PA,0.3
Desastres geo-hidrológicos,60008,Gestão de risco de desastre,2015,,Presente,low,Baixo,#FF8300,2133,Nuporanga/SP,0.3
Desastres geo-hidrológicos,60008,Gestão de risco de desastre,2015,,Presente,low,Baixo,#FF8300,3752,Ocara/CE,0.3
Desastres geo-hidrológicos,60008,Gestão de risco de desastre,2015,,Presente,low,Baixo,#FF8300,5044,Oiapoque/AP,0.3
Desastres geo-hidrológicos,60008,Gestão de risco de desastre,2015,,Presente,low,Baixo,#FF8300,4314,Orocó/PE,0.3
Desastres geo-hidrológicos,60008,Gestão de risco de desastre,2015,,Presente,low,Baixo,#FF8300,2144,Ourinhos/SP,0.3
Desastres geo-hidrológicos,60008,Gestão de risco de desastre,2015,,Presente,low,Baixo,#FF8300,4451,Ouro Branco/AL,0.3
Desastres geo-hidrológicos,60008,Gestão de risco de desastre,2015,,Presente,low,Baixo,#FF8300,1289,Ouro Branco/MG,0.3
Desastres geo-hidrológicos,60008,Gestão de risco de desastre,2015,,Presente,low,Baixo,#FF8300,4765,Ourolândia/BA,0.3
Desastres geo-hidrológicos,60008,Gestão de risco de desastre,2015,,Presente,low,Baixo,#FF8300,85,Ouro/SC,0.3
Desastres geo-hidrológicos,60008,Gestão de risco de desastre,2015,,Presente,low,Baixo,#FF8300,3001,Pacajá/PA,0.3
Desastres geo-hidrológicos,60008,Gestão de risco de desastre,2015,,Presente,low,Baixo,#FF8300,1293,Padre Carvalho/MG,0.3
Desastres geo-hidrológicos,60008,Gestão de risco de desastre,2015,,Presente,low,Baixo,#FF8300,1294,Padre Paraíso/MG,0.3
Desastres geo-hidrológicos,60008,Gestão de risco de desastre,2015,,Presente,low,Baixo,#FF8300,87,Paial/SC,0.3
Desastres geo-hidrológicos,60008,Gestão de risco de desastre,2015,,Presente,low,Baixo,#FF8300,355,Paim Filho/RS,0.3
Desastres geo-hidrológicos,60008,Gestão de risco de desastre,2015,,Presente,low,Baixo,#FF8300,1298,Paiva/MG,0.3
Desastres geo-hidrológicos,60008,Gestão de risco de desastre,2015,,Presente,low,Baixo,#FF8300,2490,Palhoça/SC,0.3
Desastres geo-hidrológicos,60008,Gestão de risco de desastre,2015,,Presente,low,Baixo,#FF8300,3759,Palmácia/CE,0.3
Desastres geo-hidrológicos,60008,Gestão de risco de desastre,2015,,Presente,low,Baixo,#FF8300,88,Palma Sola/SC,0.3
Desastres geo-hidrológicos,60008,Gestão de risco de desastre,2015,,Presente,low,Baixo,#FF8300,5221,Palmas/PR,0.3
Desastres geo-hidrológicos,60008,Gestão de risco de desastre,2015,,Presente,low,Baixo,#FF8300,3180,Palmas/TO,0.3
Desastres geo-hidrológicos,60008,Gestão de risco de desastre,2015,,Presente,low,Baixo,#FF8300,2150,Palmital/SP,0.3
Desastres geo-hidrológicos,60008,Gestão de risco de desastre,2015,,Presente,low,Baixo,#FF8300,357,Palmitinho/RS,0.3
Desastres geo-hidrológicos,60008,Gestão de risco de desastre,2015,,Presente,low,Baixo,#FF8300,358,Panambi/RS,0.3
Desastres geo-hidrológicos,60008,Gestão de risco de desastre,2015,,Presente,low,Baixo,#FF8300,3003,Paragominas/PA,0.3
Desastres geo-hidrológicos,60008,Gestão de risco de desastre,2015,,Presente,low,Baixo,#FF8300,1735,Paraíba do Sul/RJ,0.3
Desastres geo-hidrológicos,60008,Gestão de risco de desastre,2015,,Presente,low,Baixo,#FF8300,3761,Paraipaba/CE,0.3
Desastres geo-hidrológicos,60008,Gestão de risco de desastre,2015,,Presente,low,Baixo,#FF8300,3138,Paraíso do Tocantins/TO,0.3
Desastres geo-hidrológicos,60008,Gestão de risco de desastre,2015,,Presente,low,Baixo,#FF8300,1305,Paraisópolis/MG,0.3
Desastres geo-hidrológicos,60008,Gestão de risco de desastre,2015,,Presente,low,Baixo,#FF8300,90,Paraíso/SC,0.3
Desastres geo-hidrológicos,60008,Gestão de risco de desastre,2015,,Presente,low,Baixo,#FF8300,3762,Parambu/CE,0.3
Desastres geo-hidrológicos,60008,Gestão de risco de desastre,2015,,Presente,low,Baixo,#FF8300,4946,Paranaíba/MS,0.3
Desastres geo-hidrológicos,60008,Gestão de risco de desastre,2015,,Presente,low,Baixo,#FF8300,2154,Paranapanema/SP,0.3
Desastres geo-hidrológicos,60008,Gestão de risco de desastre,2015,,Presente,low,Baixo,#FF8300,4319,Paranatama/PE,0.3
Desastres geo-hidrológicos,60008,Gestão de risco de desastre,2015,,Presente,low,Baixo,#FF8300,3139,Paranã/TO,0.3
Desastres geo-hidrológicos,60008,Gestão de risco de desastre,2015,,Presente,low,Baixo,#FF8300,1306,Paraopeba/MG,0.3
Desastres geo-hidrológicos,60008,Gestão de risco de desastre,2015,,Presente,low,Baixo,#FF8300,3554,Parnaíba/PI,0.3
Desastres geo-hidrológicos,60008,Gestão de risco de desastre,2015,,Presente,low,Baixo,#FF8300,1309,Passa Tempo/MG,0.3
Desastres geo-hidrológicos,60008,Gestão de risco de desastre,2015,,Presente,low,Baixo,#FF8300,1310,Passa Vinte/MG,0.3
Desastres geo-hidrológicos,60008,Gestão de risco de desastre,2015,,Presente,low,Baixo,#FF8300,91,Passos Maia/SC,0.3
Desastres geo-hidrológicos,60008,Gestão de risco de desastre,2015,,Presente,low,Baixo,#FF8300,3912,Patu/RN,0.3
Desastres geo-hidrológicos,60008,Gestão de risco de desastre,2015,,Presente,low,Baixo,#FF8300,3005,Pau D'Arco/PA,0.3
Desastres geo-hidrológicos,60008,Gestão de risco de desastre,2015,,Presente,low,Baixo,#FF8300,5505,Pauini/AM,0.3
Desastres geo-hidrológicos,60008,Gestão de risco de desastre,2015,,Presente,low,Baixo,#FF8300,2162,Paulistânia/SP,0.3
Desastres geo-hidrológicos,60008,Gestão de risco de desastre,2015,,Presente,low,Baixo,#FF8300,1317,Paulistas/MG,0.3
Desastres geo-hidrológicos,60008,Gestão de risco de desastre,2015,,Presente,low,Baixo,#FF8300,2494,Paulo Lopes/SC,0.3
Desastres geo-hidrológicos,60008,Gestão de risco de desastre,2015,,Presente,low,Baixo,#FF8300,5230,Peabiru/PR,0.3
Desastres geo-hidrológicos,60008,Gestão de risco de desastre,2015,,Presente,low,Baixo,#FF8300,1320,Pedra Azul/MG,0.3
Desastres geo-hidrológicos,60008,Gestão de risco de desastre,2015,,Presente,low,Baixo,#FF8300,3764,Pedra Branca/CE,0.3
Desastres geo-hidrológicos,60008,Gestão de risco de desastre,2015,,Presente,low,Baixo,#FF8300,1322,Pedra do Anta/MG,0.3
Desastres geo-hidrológicos,60008,Gestão de risco de desastre,2015,,Presente,low,Baixo,#FF8300,3915,Pedra Grande/RN,0.3
Desastres geo-hidrológicos,60008,Gestão de risco de desastre,2015,,Presente,low,Baixo,#FF8300,1325,Pedralva/MG,0.3
Desastres geo-hidrológicos,60008,Gestão de risco de desastre,2015,,Presente,low,Baixo,#FF8300,4537,Pedra Mole/SE,0.3
Desastres geo-hidrológicos,60008,Gestão de risco de desastre,2015,,Presente,low,Baixo,#FF8300,633,Pedra Preta/MT,0.3
Desastres geo-hidrológicos,60008,Gestão de risco de desastre,2015,,Presente,low,Baixo,#FF8300,368,Pedro Osório/RS,0.3
Desastres geo-hidrológicos,60008,Gestão de risco de desastre,2015,,Presente,low,Baixo,#FF8300,2919,Peixoto de Azevedo/MT,0.3
Desastres geo-hidrológicos,60008,Gestão de risco de desastre,2015,,Presente,low,Baixo,#FF8300,370,Pelotas/RS,0.3
Desastres geo-hidrológicos,60008,Gestão de risco de desastre,2015,,Presente,low,Baixo,#FF8300,92,Peritiba/SC,0.3
Desastres geo-hidrológicos,60008,Gestão de risco de desastre,2015,,Presente,low,Baixo,#FF8300,5233,Pérola d'Oeste/PR,0.3
Desastres geo-hidrológicos,60008,Gestão de risco de desastre,2015,,Presente,low,Baixo,#FF8300,1336,Pescador/MG,0.3
Desastres geo-hidrológicos,60008,Gestão de risco de desastre,2015,,Presente,low,Baixo,#FF8300,2498,Petrolândia/SC,0.3
Desastres geo-hidrológicos,60008,Gestão de risco de desastre,2015,,Presente,low,Baixo,#FF8300,4327,Petrolina/PE,0.3
Desastres geo-hidrológicos,60008,Gestão de risco de desastre,2015,,Presente,low,Baixo,#FF8300,1341,Piedade dos Gerais/MG,0.3
Desastres geo-hidrológicos,60008,Gestão de risco de desastre,2015,,Presente,low,Baixo,#FF8300,4462,Pindoba/AL,0.3
Desastres geo-hidrológicos,60008,Gestão de risco de desastre,2015,,Presente,low,Baixo,#FF8300,1343,Pingo d'Água/MG,0.3
Desastres geo-hidrológicos,60008,Gestão de risco de desastre,2015,,Presente,low,Baixo,#FF8300,371,Pinhal/RS,0.3
Desastres geo-hidrológicos,60008,Gestão de risco de desastre,2015,,Presente,low,Baixo,#FF8300,93,Pinhalzinho/SC,0.3
Desastres geo-hidrológicos,60008,Gestão de risco de desastre,2015,,Presente,low,Baixo,#FF8300,2500,Pinheiro Preto/SC,0.3
Desastres geo-hidrológicos,60008,Gestão de risco de desastre,2015,,Presente,low,Baixo,#FF8300,3566,Piracuruca/PI,0.3
Desastres geo-hidrológicos,60008,Gestão de risco de desastre,2015,,Presente,low,Baixo,#FF8300,2186,Pirangi/SP,0.3
Desastres geo-hidrológicos,60008,Gestão de risco de desastre,2015,,Presente,low,Baixo,#FF8300,3332,Pirapemas/MA,0.3
Desastres geo-hidrológicos,60008,Gestão de risco de desastre,2015,,Presente,low,Baixo,#FF8300,1350,Pirapetinga/MG,0.3
Desastres geo-hidrológicos,60008,Gestão de risco de desastre,2015,,Presente,low,Baixo,#FF8300,1351,Pirapora/MG,0.3
Desastres geo-hidrológicos,60008,Gestão de risco de desastre,2015,,Presente,low,Baixo,#FF8300,375,Pirapó/RS,0.3
Desastres geo-hidrológicos,60008,Gestão de risco de desastre,2015,,Presente,low,Baixo,#FF8300,3146,Piraquê/TO,0.3
Desastres geo-hidrológicos,60008,Gestão de risco de desastre,2015,,Presente,low,Baixo,#FF8300,2188,Pirassununga/SP,0.3
Desastres geo-hidrológicos,60008,Gestão de risco de desastre,2015,,Presente,low,Baixo,#FF8300,3770,Pires Ferreira/CE,0.3
Desastres geo-hidrológicos,60008,Gestão de risco de desastre,2015,,Presente,low,Baixo,#FF8300,734,Piripá/BA,0.3
Desastres geo-hidrológicos,60008,Gestão de risco de desastre,2015,,Presente,low,Baixo,#FF8300,2193,Poá/SP,0.3
Desastres geo-hidrológicos,60008,Gestão de risco de desastre,2015,,Presente,low,Baixo,#FF8300,3333,Poção de Pedras/MA,0.3
Desastres geo-hidrológicos,60008,Gestão de risco de desastre,2015,,Presente,low,Baixo,#FF8300,4328,Poção/PE,0.3
Desastres geo-hidrológicos,60008,Gestão de risco de desastre,2015,,Presente,low,Baixo,#FF8300,4464,Poço das Trincheiras/AL,0.3
Desastres geo-hidrológicos,60008,Gestão de risco de desastre,2015,,Presente,low,Baixo,#FF8300,736,Poções/BA,0.3
Desastres geo-hidrológicos,60008,Gestão de risco de desastre,2015,,Presente,low,Baixo,#FF8300,4541,Poço Redondo/SE,0.3
Desastres geo-hidrológicos,60008,Gestão de risco de desastre,2015,,Presente,low,Baixo,#FF8300,1357,Poços de Caldas/MG,0.3
Desastres geo-hidrológicos,60008,Gestão de risco de desastre,2015,,Presente,low,Baixo,#FF8300,5388,Pontal do Paraná/PR,0.3
Desastres geo-hidrológicos,60008,Gestão de risco de desastre,2015,,Presente,low,Baixo,#FF8300,2503,Ponte Alta do Norte/SC,0.3
Desastres geo-hidrológicos,60008,Gestão de risco de desastre,2015,,Presente,low,Baixo,#FF8300,2502,Ponte Alta/SC,0.3
Desastres geo-hidrológicos,60008,Gestão de risco de desastre,2015,,Presente,low,Baixo,#FF8300,637,Ponte Branca/MT,0.3
Desastres geo-hidrológicos,60008,Gestão de risco de desastre,2015,,Presente,low,Baixo,#FF8300,380,Ponte Preta/RS,0.3
Desastres geo-hidrológicos,60008,Gestão de risco de desastre,2015,,Presente,low,Baixo,#FF8300,1663,Ponto Belo/ES,0.3
Desastres geo-hidrológicos,60008,Gestão de risco de desastre,2015,,Presente,low,Baixo,#FF8300,1361,Ponto Chique/MG,0.3
Desastres geo-hidrológicos,60008,Gestão de risco de desastre,2015,,Presente,low,Baixo,#FF8300,1362,Ponto dos Volantes/MG,0.3
Desastres geo-hidrológicos,60008,Gestão de risco de desastre,2015,,Presente,low,Baixo,#FF8300,2616,Portão/RS,0.3
Desastres geo-hidrológicos,60008,Gestão de risco de desastre,2015,,Presente,low,Baixo,#FF8300,2617,Porto Alegre/RS,0.3
Desastres geo-hidrológicos,60008,Gestão de risco de desastre,2015,,Presente,low,Baixo,#FF8300,2876,Porto de Moz/PA,0.3
Desastres geo-hidrológicos,60008,Gestão de risco de desastre,2015,,Presente,low,Baixo,#FF8300,1364,Porto Firme/MG,0.3
Desastres geo-hidrológicos,60008,Gestão de risco de desastre,2015,,Presente,low,Baixo,#FF8300,737,Porto Seguro/BA,0.3
Desastres geo-hidrológicos,60008,Gestão de risco de desastre,2015,,Presente,low,Baixo,#FF8300,2505,Porto União/SC,0.3
Desastres geo-hidrológicos,60008,Gestão de risco de desastre,2015,,Presente,low,Baixo,#FF8300,383,Porto Vera Cruz/RS,0.3
Desastres geo-hidrológicos,60008,Gestão de risco de desastre,2015,,Presente,low,Baixo,#FF8300,5390,Porto Vitória/PR,0.3
Desastres geo-hidrológicos,60008,Gestão de risco de desastre,2015,,Presente,low,Baixo,#FF8300,384,Porto Xavier/RS,0.3
Desastres geo-hidrológicos,60008,Gestão de risco de desastre,2015,,Presente,low,Baixo,#FF8300,2506,Pouso Redondo/SC,0.3
Desastres geo-hidrológicos,60008,Gestão de risco de desastre,2015,,Presente,low,Baixo,#FF8300,2507,Praia Grande/SC,0.3
Desastres geo-hidrológicos,60008,Gestão de risco de desastre,2015,,Presente,low,Baixo,#FF8300,1371,Pratinha/MG,0.3
Desastres geo-hidrológicos,60008,Gestão de risco de desastre,2015,,Presente,low,Baixo,#FF8300,97,Presidente Castello Branco/SC,0.3
Desastres geo-hidrológicos,60008,Gestão de risco de desastre,2015,,Presente,low,Baixo,#FF8300,3336,Presidente Dutra/MA,0.3
Desastres geo-hidrológicos,60008,Gestão de risco de desastre,2015,,Presente,low,Baixo,#FF8300,1373,Presidente Juscelino/MG,0.3
Desastres geo-hidrológicos,60008,Gestão de risco de desastre,2015,,Presente,low,Baixo,#FF8300,3340,Presidente Vargas/MA,0.3
Desastres geo-hidrológicos,60008,Gestão de risco de desastre,2015,,Presente,low,Baixo,#FF8300,4330,Primavera/PE,0.3
Desastres geo-hidrológicos,60008,Gestão de risco de desastre,2015,,Presente,low,Baixo,#FF8300,389,Quaraí/RS,0.3
Desastres geo-hidrológicos,60008,Gestão de risco de desastre,2015,,Presente,low,Baixo,#FF8300,5243,Quarto Centenário/PR,0.3
Desastres geo-hidrológicos,60008,Gestão de risco de desastre,2015,,Presente,low,Baixo,#FF8300,4468,Quebrangulo/AL,0.3
Desastres geo-hidrológicos,60008,Gestão de risco de desastre,2015,,Presente,low,Baixo,#FF8300,3775,Quiterianópolis/CE,0.3
Desastres geo-hidrológicos,60008,Gestão de risco de desastre,2015,,Presente,low,Baixo,#FF8300,3778,Quixeramobim/CE,0.3
Desastres geo-hidrológicos,60008,Gestão de risco de desastre,2015,,Presente,low,Baixo,#FF8300,5248,Ramilândia/PR,0.3
Desastres geo-hidrológicos,60008,Gestão de risco de desastre,2015,,Presente,low,Baixo,#FF8300,1381,Raul Soares/MG,0.3
Desastres geo-hidrológicos,60008,Gestão de risco de desastre,2015,,Presente,low,Baixo,#FF8300,3781,Reriutaba/CE,0.3
Desastres geo-hidrológicos,60008,Gestão de risco de desastre,2015,,Presente,low,Baixo,#FF8300,1385,Resplendor/MG,0.3
Desastres geo-hidrológicos,60008,Gestão de risco de desastre,2015,,Presente,low,Baixo,#FF8300,2223,Restinga/SP,0.3
Desastres geo-hidrológicos,60008,Gestão de risco de desastre,2015,,Presente,low,Baixo,#FF8300,3928,Riacho da Cruz/RN,0.3
Desastres geo-hidrológicos,60008,Gestão de risco de desastre,2015,,Presente,low,Baixo,#FF8300,3929,Riacho de Santana/RN,0.3
Desastres geo-hidrológicos,60008,Gestão de risco de desastre,2015,,Presente,low,Baixo,#FF8300,5399,Ribeirão Claro/PR,0.3
Desastres geo-hidrológicos,60008,Gestão de risco de desastre,2015,,Presente,low,Baixo,#FF8300,2224,Ribeira/SP,0.3
Desastres geo-hidrológicos,60008,Gestão de risco de desastre,2015,,Presente,low,Baixo,#FF8300,3576,Ribeiro Gonçalves/PI,0.3
Desastres geo-hidrológicos,60008,Gestão de risco de desastre,2015,,Presente,low,Baixo,#FF8300,646,Rio Branco/MT,0.3
Desastres geo-hidrológicos,60008,Gestão de risco de desastre,2015,,Presente,low,Baixo,#FF8300,5539,Rio Crespo/RO,0.3
Desastres geo-hidrológicos,60008,Gestão de risco de desastre,2015,,Presente,low,Baixo,#FF8300,5006,Rio do Antônio/BA,0.3
Desastres geo-hidrológicos,60008,Gestão de risco de desastre,2015,,Presente,low,Baixo,#FF8300,1393,Rio Doce/MG,0.3
Desastres geo-hidrológicos,60008,Gestão de risco de desastre,2015,,Presente,low,Baixo,#FF8300,1394,Rio do Prado/MG,0.3
Desastres geo-hidrológicos,60008,Gestão de risco de desastre,2015,,Presente,low,Baixo,#FF8300,2516,Rio Fortuna/SC,0.3
Desastres geo-hidrológicos,60008,Gestão de risco de desastre,2015,,Presente,low,Baixo,#FF8300,1400,Rio Piracicaba/MG,0.3
Desastres geo-hidrológicos,60008,Gestão de risco de desastre,2015,,Presente,low,Baixo,#FF8300,1401,Rio Pomba/MG,0.3
Desastres geo-hidrológicos,60008,Gestão de risco de desastre,2015,,Presente,low,Baixo,#FF8300,400,Rodeio Bonito/RS,0.3
Desastres geo-hidrológicos,60008,Gestão de risco de desastre,2015,,Presente,low,Baixo,#FF8300,2519,Rodeio/SC,0.3
Desastres geo-hidrológicos,60008,Gestão de risco de desastre,2015,,Presente,low,Baixo,#FF8300,2836,Rodrigues Alves/AC,0.3
Desastres geo-hidrológicos,60008,Gestão de risco de desastre,2015,,Presente,low,Baixo,#FF8300,401,Rolador/RS,0.3
Desastres geo-hidrológicos,60008,Gestão de risco de desastre,2015,,Presente,low,Baixo,#FF8300,3013,Rondon do Pará/PA,0.3
Desastres geo-hidrológicos,60008,Gestão de risco de desastre,2015,,Presente,low,Baixo,#FF8300,650,Rondonópolis/MT,0.3
Desastres geo-hidrológicos,60008,Gestão de risco de desastre,2015,,Presente,low,Baixo,#FF8300,1413,Sacramento/MG,0.3
Desastres geo-hidrológicos,60008,Gestão de risco de desastre,2015,,Presente,low,Baixo,#FF8300,4337,Sairé/PE,0.3
Desastres geo-hidrológicos,60008,Gestão de risco de desastre,2015,,Presente,low,Baixo,#FF8300,2520,Salete/SC,0.3
Desastres geo-hidrológicos,60008,Gestão de risco de desastre,2015,,Presente,low,Baixo,#FF8300,4143,Salgadinho/PB,0.3
Desastres geo-hidrológicos,60008,Gestão de risco de desastre,2015,,Presente,low,Baixo,#FF8300,4338,Salgadinho/PE,0.3
Desastres geo-hidrológicos,60008,Gestão de risco de desastre,2015,,Presente,low,Baixo,#FF8300,4549,Salgado/SE,0.3
Desastres geo-hidrológicos,60008,Gestão de risco de desastre,2015,,Presente,low,Baixo,#FF8300,3784,Salitre/CE,0.3
Desastres geo-hidrológicos,60008,Gestão de risco de desastre,2015,,Presente,low,Baixo,#FF8300,4919,Salto Veloso/SC,0.3
Desastres geo-hidrológicos,60008,Gestão de risco de desastre,2015,,Presente,low,Baixo,#FF8300,4802,Salvador/BA,0.3
Desastres geo-hidrológicos,60008,Gestão de risco de desastre,2015,,Presente,low,Baixo,#FF8300,411,Sananduva/RS,0.3
Desastres geo-hidrológicos,60008,Gestão de risco de desastre,2015,,Presente,low,Baixo,#FF8300,742,Santa Cruz Cabrália/BA,0.3
Desastres geo-hidrológicos,60008,Gestão de risco de desastre,2015,,Presente,low,Baixo,#FF8300,415,Santa Cruz do Sul/RS,0.3
Desastres geo-hidrológicos,60008,Gestão de risco de desastre,2015,,Presente,low,Baixo,#FF8300,744,Santa Luzia/BA,0.3
Desastres geo-hidrológicos,60008,Gestão de risco de desastre,2015,,Presente,low,Baixo,#FF8300,3350,Santa Luzia/MA,0.3
Desastres geo-hidrológicos,60008,Gestão de risco de desastre,2015,,Presente,low,Baixo,#FF8300,1427,Santa Luzia/MG,0.3
Desastres geo-hidrológicos,60008,Gestão de risco de desastre,2015,,Presente,low,Baixo,#FF8300,3020,Santa Maria das Barreiras/PA,0.3
Desastres geo-hidrológicos,60008,Gestão de risco de desastre,2015,,Presente,low,Baixo,#FF8300,1429,Santa Maria de Itabira/MG,0.3
Desastres geo-hidrológicos,60008,Gestão de risco de desastre,2015,,Presente,low,Baixo,#FF8300,1431,Santa Maria do Suaçuí/MG,0.3
Desastres geo-hidrológicos,60008,Gestão de risco de desastre,2015,,Presente,low,Baixo,#FF8300,21,Santa Mercedes/SP,0.3
Desastres geo-hidrológicos,60008,Gestão de risco de desastre,2015,,Presente,low,Baixo,#FF8300,3785,Santana do Acaraú/CE,0.3
Desastres geo-hidrológicos,60008,Gestão de risco de desastre,2015,,Presente,low,Baixo,#FF8300,419,Sant'Ana do Livramento/RS,0.3
Desastres geo-hidrológicos,60008,Gestão de risco de desastre,2015,,Presente,low,Baixo,#FF8300,4473,Santana do Mundaú/AL,0.3
Desastres geo-hidrológicos,60008,Gestão de risco de desastre,2015,,Presente,low,Baixo,#FF8300,1439,Santana do Paraíso/MG,0.3
Desastres geo-hidrológicos,60008,Gestão de risco de desastre,2015,,Presente,low,Baixo,#FF8300,1440,Santana do Riacho/MG,0.3
Desastres geo-hidrológicos,60008,Gestão de risco de desastre,2015,,Presente,low,Baixo,#FF8300,4551,Santana do São Francisco/SE,0.3
Desastres geo-hidrológicos,60008,Gestão de risco de desastre,2015,,Presente,low,Baixo,#FF8300,3352,Santa Quitéria do Maranhão/MA,0.3
Desastres geo-hidrológicos,60008,Gestão de risco de desastre,2015,,Presente,low,Baixo,#FF8300,1445,Santa Rita de Ibitipoca/MG,0.3
Desastres geo-hidrológicos,60008,Gestão de risco de desastre,2015,,Presente,low,Baixo,#FF8300,1446,Santa Rita do Itueto/MG,0.3
Desastres geo-hidrológicos,60008,Gestão de risco de desastre,2015,,Presente,low,Baixo,#FF8300,1447,Santa Rita do Sapucaí/MG,0.3
Desastres geo-hidrológicos,60008,Gestão de risco de desastre,2015,,Presente,low,Baixo,#FF8300,3353,Santa Rita/MA,0.3
Desastres geo-hidrológicos,60008,Gestão de risco de desastre,2015,,Presente,low,Baixo,#FF8300,4153,Santa Rita/PB,0.3
Desastres geo-hidrológicos,60008,Gestão de risco de desastre,2015,,Presente,low,Baixo,#FF8300,420,Santa Rosa/RS,0.3
Desastres geo-hidrológicos,60008,Gestão de risco de desastre,2015,,Presente,low,Baixo,#FF8300,1669,Santa Teresa/ES,0.3
Desastres geo-hidrológicos,60008,Gestão de risco de desastre,2015,,Presente,low,Baixo,#FF8300,1449,Santa Vitória/MG,0.3
Desastres geo-hidrológicos,60008,Gestão de risco de desastre,2015,,Presente,low,Baixo,#FF8300,4553,Santo Amaro das Brotas/SE,0.3
Desastres geo-hidrológicos,60008,Gestão de risco de desastre,2015,,Presente,low,Baixo,#FF8300,2793,Santo Antônio de Goiás/GO,0.3
Desastres geo-hidrológicos,60008,Gestão de risco de desastre,2015,,Presente,low,Baixo,#FF8300,1453,Santo Antônio do Itambé/MG,0.3
Desastres geo-hidrológicos,60008,Gestão de risco de desastre,2015,,Presente,low,Baixo,#FF8300,2282,São Bento do Sapucaí/SP,0.3
Desastres geo-hidrológicos,60008,Gestão de risco de desastre,2015,,Presente,low,Baixo,#FF8300,1461,São Brás do Suaçuí/MG,0.3
Desastres geo-hidrológicos,60008,Gestão de risco de desastre,2015,,Presente,low,Baixo,#FF8300,3025,São Caetano de Odivelas/PA,0.3
Desastres geo-hidrológicos,60008,Gestão de risco de desastre,2015,,Presente,low,Baixo,#FF8300,5273,São Carlos do Ivaí/PR,0.3
Desastres geo-hidrológicos,60008,Gestão de risco de desastre,2015,,Presente,low,Baixo,#FF8300,432,São Domingos do Sul/RS,0.3
Desastres geo-hidrológicos,60008,Gestão de risco de desastre,2015,,Presente,low,Baixo,#FF8300,4891,São Domingos/GO,0.3
Desastres geo-hidrológicos,60008,Gestão de risco de desastre,2015,,Presente,low,Baixo,#FF8300,108,São Domingos/SC,0.3
Desastres geo-hidrológicos,60008,Gestão de risco de desastre,2015,,Presente,low,Baixo,#FF8300,5565,São Felipe D'Oeste/RO,0.3
Desastres geo-hidrológicos,60008,Gestão de risco de desastre,2015,,Presente,low,Baixo,#FF8300,3940,São Fernando/RN,0.3
Desastres geo-hidrológicos,60008,Gestão de risco de desastre,2015,,Presente,low,Baixo,#FF8300,1755,São Fidélis/RJ,0.3
Desastres geo-hidrológicos,60008,Gestão de risco de desastre,2015,,Presente,low,Baixo,#FF8300,3592,São Gonçalo do Piauí/PI,0.3
Desastres geo-hidrológicos,60008,Gestão de risco de desastre,2015,,Presente,low,Baixo,#FF8300,435,São Jerônimo/RS,0.3
Desastres geo-hidrológicos,60008,Gestão de risco de desastre,2015,,Presente,low,Baixo,#FF8300,3596,São João da Varjota/PI,0.3
Desastres geo-hidrológicos,60008,Gestão de risco de desastre,2015,,Presente,low,Baixo,#FF8300,5275,São João do Caiuá/PR,0.3
Desastres geo-hidrológicos,60008,Gestão de risco de desastre,2015,,Presente,low,Baixo,#FF8300,2532,São João do Itaperiú/SC,0.3
Desastres geo-hidrológicos,60008,Gestão de risco de desastre,2015,,Presente,low,Baixo,#FF8300,4353,São Joaquim do Monte/PE,0.3
Desastres geo-hidrológicos,60008,Gestão de risco de desastre,2015,,Presente,low,Baixo,#FF8300,2534,São Joaquim/SC,0.3
Desastres geo-hidrológicos,60008,Gestão de risco de desastre,2015,,Presente,low,Baixo,#FF8300,3370,São José de Ribamar/MA,0.3
Desastres geo-hidrológicos,60008,Gestão de risco de desastre,2015,,Presente,low,Baixo,#FF8300,1759,São José de Ubá/RJ,0.3
Desastres geo-hidrológicos,60008,Gestão de risco de desastre,2015,,Presente,low,Baixo,#FF8300,110,São José do Cedro/SC,0.3
Desastres geo-hidrológicos,60008,Gestão de risco de desastre,2015,,Presente,low,Baixo,#FF8300,3599,São José do Divino/PI,0.3
Desastres geo-hidrológicos,60008,Gestão de risco de desastre,2015,,Presente,low,Baixo,#FF8300,2923,São José do Rio Claro/MT,0.3
Desastres geo-hidrológicos,60008,Gestão de risco de desastre,2015,,Presente,low,Baixo,#FF8300,2625,São José dos Ausentes/RS,0.3
Desastres geo-hidrológicos,60008,Gestão de risco de desastre,2015,,Presente,low,Baixo,#FF8300,2535,São José/SC,0.3
Desastres geo-hidrológicos,60008,Gestão de risco de desastre,2015,,Presente,low,Baixo,#FF8300,2798,São Luiz do Norte/GO,0.3
Desastres geo-hidrológicos,60008,Gestão de risco de desastre,2015,,Presente,low,Baixo,#FF8300,447,São Martinho da Serra/RS,0.3
Desastres geo-hidrológicos,60008,Gestão de risco de desastre,2015,,Presente,low,Baixo,#FF8300,2538,São Martinho/SC,0.3
Desastres geo-hidrológicos,60008,Gestão de risco de desastre,2015,,Presente,low,Baixo,#FF8300,4824,São Miguel das Matas/BA,0.3
Desastres geo-hidrológicos,60008,Gestão de risco de desastre,2015,,Presente,low,Baixo,#FF8300,4478,São Miguel dos Campos/AL,0.3
Desastres geo-hidrológicos,60008,Gestão de risco de desastre,2015,,Presente,low,Baixo,#FF8300,4479,São Miguel dos Milagres/AL,0.3
Desastres geo-hidrológicos,60008,Gestão de risco de desastre,2015,,Presente,low,Baixo,#FF8300,3170,São Miguel do Tocantins/TO,0.3
Desastres geo-hidrológicos,60008,Gestão de risco de desastre,2015,,Presente,low,Baixo,#FF8300,449,São Nicolau/RS,0.3
Desastres geo-hidrológicos,60008,Gestão de risco de desastre,2015,,Presente,low,Baixo,#FF8300,1761,São Pedro da Aldeia/RJ,0.3
Desastres geo-hidrológicos,60008,Gestão de risco de desastre,2015,,Presente,low,Baixo,#FF8300,451,São Pedro da Serra/RS,0.3
Desastres geo-hidrológicos,60008,Gestão de risco de desastre,2015,,Presente,low,Baixo,#FF8300,453,São Pedro do Butiá/RS,0.3
Desastres geo-hidrológicos,60008,Gestão de risco de desastre,2015,,Presente,low,Baixo,#FF8300,3608,São Pedro do Piauí/PI,0.3
Desastres geo-hidrológicos,60008,Gestão de risco de desastre,2015,,Presente,low,Baixo,#FF8300,3172,São Sebastião do Tocantins/TO,0.3
Desastres geo-hidrológicos,60008,Gestão de risco de desastre,2015,,Presente,low,Baixo,#FF8300,455,São Sepé/RS,0.3
Desastres geo-hidrológicos,60008,Gestão de risco de desastre,2015,,Presente,low,Baixo,#FF8300,2629,São Vendelino/RS,0.3
Desastres geo-hidrológicos,60008,Gestão de risco de desastre,2015,,Presente,low,Baixo,#FF8300,459,São Vicente do Sul/RS,0.3
Desastres geo-hidrológicos,60008,Gestão de risco de desastre,2015,,Presente,low,Baixo,#FF8300,1519,Sapucaí-Mirim/MG,0.3
Desastres geo-hidrológicos,60008,Gestão de risco de desastre,2015,,Presente,low,Baixo,#FF8300,460,Sarandi/RS,0.3
Desastres geo-hidrológicos,60008,Gestão de risco de desastre,2015,,Presente,low,Baixo,#FF8300,1521,Sarzedo/MG,0.3
Desastres geo-hidrológicos,60008,Gestão de risco de desastre,2015,,Presente,low,Baixo,#FF8300,4481,Satuba/AL,0.3
Desastres geo-hidrológicos,60008,Gestão de risco de desastre,2015,,Presente,low,Baixo,#FF8300,115,Seara/SC,0.3
Desastres geo-hidrológicos,60008,Gestão de risco de desastre,2015,,Presente,low,Baixo,#FF8300,2310,Sebastianópolis do Sul/SP,0.3
Desastres geo-hidrológicos,60008,Gestão de risco de desastre,2015,,Presente,low,Baixo,#FF8300,462,Sede Nova/RS,0.3
Desastres geo-hidrológicos,60008,Gestão de risco de desastre,2015,,Presente,low,Baixo,#FF8300,464,Selbach/RS,0.3
Desastres geo-hidrológicos,60008,Gestão de risco de desastre,2015,,Presente,low,Baixo,#FF8300,1527,Senador José Bento/MG,0.3
Desastres geo-hidrológicos,60008,Gestão de risco de desastre,2015,,Presente,low,Baixo,#FF8300,1529,Senhora de Oliveira/MG,0.3
Desastres geo-hidrológicos,60008,Gestão de risco de desastre,2015,,Presente,low,Baixo,#FF8300,4831,Senhor do Bonfim/BA,0.3
Desastres geo-hidrológicos,60008,Gestão de risco de desastre,2015,,Presente,low,Baixo,#FF8300,467,Serafina Corrêa/RS,0.3
Desastres geo-hidrológicos,60008,Gestão de risco de desastre,2015,,Presente,low,Baixo,#FF8300,4359,Serra Talhada/PE,0.3
Desastres geo-hidrológicos,60008,Gestão de risco de desastre,2015,,Presente,low,Baixo,#FF8300,5420,Sertaneja/PR,0.3
Desastres geo-hidrológicos,60008,Gestão de risco de desastre,2015,,Presente,low,Baixo,#FF8300,469,Sertão/RS,0.3
Desastres geo-hidrológicos,60008,Gestão de risco de desastre,2015,,Presente,low,Baixo,#FF8300,1542,Sete Lagoas/MG,0.3
Desastres geo-hidrológicos,60008,Gestão de risco de desastre,2015,,Presente,low,Baixo,#FF8300,3612,Sigefredo Pacheco/PI,0.3
Desastres geo-hidrológicos,60008,Gestão de risco de desastre,2015,,Presente,low,Baixo,#FF8300,1766,Silva Jardim/RJ,0.3
Desastres geo-hidrológicos,60008,Gestão de risco de desastre,2015,,Presente,low,Baixo,#FF8300,3174,Silvanópolis/TO,0.3
Desastres geo-hidrológicos,60008,Gestão de risco de desastre,2015,,Presente,low,Baixo,#FF8300,1545,Simão Pereira/MG,0.3
Desastres geo-hidrológicos,60008,Gestão de risco de desastre,2015,,Presente,low,Baixo,#FF8300,4838,Simões Filho/BA,0.3
Desastres geo-hidrológicos,60008,Gestão de risco de desastre,2015,,Presente,low,Baixo,#FF8300,2804,Simolândia/GO,0.3
Desastres geo-hidrológicos,60008,Gestão de risco de desastre,2015,,Presente,low,Baixo,#FF8300,4362,Sirinhaém/PE,0.3
Desastres geo-hidrológicos,60008,Gestão de risco de desastre,2015,,Presente,low,Baixo,#FF8300,4559,Siriri/SE,0.3
Desastres geo-hidrológicos,60008,Gestão de risco de desastre,2015,,Presente,low,Baixo,#FF8300,475,Sobradinho/RS,0.3
Desastres geo-hidrológicos,60008,Gestão de risco de desastre,2015,,Presente,low,Baixo,#FF8300,3794,Sobral/CE,0.3
Desastres geo-hidrológicos,60008,Gestão de risco de desastre,2015,,Presente,low,Baixo,#FF8300,476,Soledade/RS,0.3
Desastres geo-hidrológicos,60008,Gestão de risco de desastre,2015,,Presente,low,Baixo,#FF8300,4364,Solidão/PE,0.3
Desastres geo-hidrológicos,60008,Gestão de risco de desastre,2015,,Presente,low,Baixo,#FF8300,4365,Surubim/PE,0.3
Desastres geo-hidrológicos,60008,Gestão de risco de desastre,2015,,Presente,low,Baixo,#FF8300,2324,Tabapuã/SP,0.3
Desastres geo-hidrológicos,60008,Gestão de risco de desastre,2015,,Presente,low,Baixo,#FF8300,5514,Tabatinga/AM,0.3
Desastres geo-hidrológicos,60008,Gestão de risco de desastre,2015,,Presente,low,Baixo,#FF8300,2543,Taió/SC,0.3
Desastres geo-hidrológicos,60008,Gestão de risco de desastre,2015,,Presente,low,Baixo,#FF8300,4369,Tamandaré/PE,0.3
Desastres geo-hidrológicos,60008,Gestão de risco de desastre,2015,,Presente,low,Baixo,#FF8300,3618,Tanque do Piauí/PI,0.3
Desastres geo-hidrológicos,60008,Gestão de risco de desastre,2015,,Presente,low,Baixo,#FF8300,478,Tapejara/RS,0.3
Desastres geo-hidrológicos,60008,Gestão de risco de desastre,2015,,Presente,low,Baixo,#FF8300,479,Tapera/RS,0.3
Desastres geo-hidrológicos,60008,Gestão de risco de desastre,2015,,Presente,low,Baixo,#FF8300,4942,Tapes/RS,0.3
Desastres geo-hidrológicos,60008,Gestão de risco de desastre,2015,,Presente,low,Baixo,#FF8300,480,Taquari/RS,0.3
Desastres geo-hidrológicos,60008,Gestão de risco de desastre,2015,,Presente,low,Baixo,#FF8300,2840,Tarauacá/AC,0.3
Desastres geo-hidrológicos,60008,Gestão de risco de desastre,2015,,Presente,low,Baixo,#FF8300,5516,Tefé/AM,0.3
Desastres geo-hidrológicos,60008,Gestão de risco de desastre,2015,,Presente,low,Baixo,#FF8300,25,Teodoro Sampaio/SP,0.3
Desastres geo-hidrológicos,60008,Gestão de risco de desastre,2015,,Presente,low,Baixo,#FF8300,3619,Teresina/PI,0.3
Desastres geo-hidrológicos,60008,Gestão de risco de desastre,2015,,Presente,low,Baixo,#FF8300,2634,Terra de Areia/RS,0.3
Desastres geo-hidrológicos,60008,Gestão de risco de desastre,2015,,Presente,low,Baixo,#FF8300,4372,Terra Nova/PE,0.3
Desastres geo-hidrológicos,60008,Gestão de risco de desastre,2015,,Presente,low,Baixo,#FF8300,2880,Terra Santa/PA,0.3
Desastres geo-hidrológicos,60008,Gestão de risco de desastre,2015,,Presente,low,Baixo,#FF8300,3801,Tianguá/CE,0.3
Desastres geo-hidrológicos,60008,Gestão de risco de desastre,2015,,Presente,low,Baixo,#FF8300,118,Tigrinhos/SC,0.3
Desastres geo-hidrológicos,60008,Gestão de risco de desastre,2015,,Presente,low,Baixo,#FF8300,2545,Tijucas/SC,0.3
Desastres geo-hidrológicos,60008,Gestão de risco de desastre,2015,,Presente,low,Baixo,#FF8300,2548,Timbó Grande/SC,0.3
Desastres geo-hidrológicos,60008,Gestão de risco de desastre,2015,,Presente,low,Baixo,#FF8300,485,Tiradentes do Sul/RS,0.3
Desastres geo-hidrológicos,60008,Gestão de risco de desastre,2015,,Presente,low,Baixo,#FF8300,1559,Tiradentes/MG,0.3
Desastres geo-hidrológicos,60008,Gestão de risco de desastre,2015,,Presente,low,Baixo,#FF8300,5297,Toledo/PR,0.3
Desastres geo-hidrológicos,60008,Gestão de risco de desastre,2015,,Presente,low,Baixo,#FF8300,1564,Tombos/MG,0.3
Desastres geo-hidrológicos,60008,Gestão de risco de desastre,2015,,Presente,low,Baixo,#FF8300,3970,Touros/RN,0.3
Desastres geo-hidrológicos,60008,Gestão de risco de desastre,2015,,Presente,low,Baixo,#FF8300,2881,Trairão/PA,0.3
Desastres geo-hidrológicos,60008,Gestão de risco de desastre,2015,,Presente,low,Baixo,#FF8300,3802,Trairi/CE,0.3
Desastres geo-hidrológicos,60008,Gestão de risco de desastre,2015,,Presente,low,Baixo,#FF8300,1770,Trajano de Moraes/RJ,0.3
Desastres geo-hidrológicos,60008,Gestão de risco de desastre,2015,,Presente,low,Baixo,#FF8300,487,Travesseiro/RS,0.3
Desastres geo-hidrológicos,60008,Gestão de risco de desastre,2015,,Presente,low,Baixo,#FF8300,2549,Três Barras/SC,0.3
Desastres geo-hidrológicos,60008,Gestão de risco de desastre,2015,,Presente,low,Baixo,#FF8300,2637,Três Cachoeiras/RS,0.3
Desastres geo-hidrológicos,60008,Gestão de risco de desastre,2015,,Presente,low,Baixo,#FF8300,2638,Três Coroas/RS,0.3
Desastres geo-hidrológicos,60008,Gestão de risco de desastre,2015,,Presente,low,Baixo,#FF8300,596,Três Lagoas/MS,0.3
Desastres geo-hidrológicos,60008,Gestão de risco de desastre,2015,,Presente,low,Baixo,#FF8300,490,Três Palmeiras/RS,0.3
Desastres geo-hidrológicos,60008,Gestão de risco de desastre,2015,,Presente,low,Baixo,#FF8300,2550,Treviso/SC,0.3
Desastres geo-hidrológicos,60008,Gestão de risco de desastre,2015,,Presente,low,Baixo,#FF8300,492,Trindade do Sul/RS,0.3
Desastres geo-hidrológicos,60008,Gestão de risco de desastre,2015,,Presente,low,Baixo,#FF8300,4377,Triunfo/PE,0.3
Desastres geo-hidrológicos,60008,Gestão de risco de desastre,2015,,Presente,low,Baixo,#FF8300,3391,Trizidela do Vale/MA,0.3
Desastres geo-hidrológicos,60008,Gestão de risco de desastre,2015,,Presente,low,Baixo,#FF8300,2552,Trombudo Central/SC,0.3
Desastres geo-hidrológicos,60008,Gestão de risco de desastre,2015,,Presente,low,Baixo,#FF8300,2553,Tubarão/SC,0.3
Desastres geo-hidrológicos,60008,Gestão de risco de desastre,2015,,Presente,low,Baixo,#FF8300,3041,Tucuruí/PA,0.3
Desastres geo-hidrológicos,60008,Gestão de risco de desastre,2015,,Presente,low,Baixo,#FF8300,494,Tunas/RS,0.3
Desastres geo-hidrológicos,60008,Gestão de risco de desastre,2015,,Presente,low,Baixo,#FF8300,4378,Tupanatinga/PE,0.3
Desastres geo-hidrológicos,60008,Gestão de risco de desastre,2015,,Presente,low,Baixo,#FF8300,5518,Uarini/AM,0.3
Desastres geo-hidrológicos,60008,Gestão de risco de desastre,2015,,Presente,low,Baixo,#FF8300,4853,Uauá/BA,0.3
Desastres geo-hidrológicos,60008,Gestão de risco de desastre,2015,,Presente,low,Baixo,#FF8300,1573,Ubaí/MG,0.3
Desastres geo-hidrológicos,60008,Gestão de risco de desastre,2015,,Presente,low,Baixo,#FF8300,1576,Uberlândia/MG,0.3
Desastres geo-hidrológicos,60008,Gestão de risco de desastre,2015,,Presente,low,Baixo,#FF8300,3806,Umirim/CE,0.3
Desastres geo-hidrológicos,60008,Gestão de risco de desastre,2015,,Presente,low,Baixo,#FF8300,1578,Unaí/MG,0.3
Desastres geo-hidrológicos,60008,Gestão de risco de desastre,2015,,Presente,low,Baixo,#FF8300,2358,União Paulista/SP,0.3
Desastres geo-hidrológicos,60008,Gestão de risco de desastre,2015,,Presente,low,Baixo,#FF8300,3620,União/PI,0.3
Desastres geo-hidrológicos,60008,Gestão de risco de desastre,2015,,Presente,low,Baixo,#FF8300,750,Urandi/BA,0.3
Desastres geo-hidrológicos,60008,Gestão de risco de desastre,2015,,Presente,low,Baixo,#FF8300,5028,Uruaçu/GO,0.3
Desastres geo-hidrológicos,60008,Gestão de risco de desastre,2015,,Presente,low,Baixo,#FF8300,2882,Uruará/PA,0.3
Desastres geo-hidrológicos,60008,Gestão de risco de desastre,2015,,Presente,low,Baixo,#FF8300,1582,Urucuia/MG,0.3
Desastres geo-hidrológicos,60008,Gestão de risco de desastre,2015,,Presente,low,Baixo,#FF8300,3621,Uruçuí/PI,0.3
Desastres geo-hidrológicos,60008,Gestão de risco de desastre,2015,,Presente,low,Baixo,#FF8300,502,Uruguaiana/RS,0.3
Desastres geo-hidrológicos,60008,Gestão de risco de desastre,2015,,Presente,low,Baixo,#FF8300,4859,Valença/BA,0.3
Desastres geo-hidrológicos,60008,Gestão de risco de desastre,2015,,Presente,low,Baixo,#FF8300,2641,Vale Real/RS,0.3
Desastres geo-hidrológicos,60008,Gestão de risco de desastre,2015,,Presente,low,Baixo,#FF8300,1677,Vargem Alta/ES,0.3
Desastres geo-hidrológicos,60008,Gestão de risco de desastre,2015,,Presente,low,Baixo,#FF8300,1585,Vargem Grande do Rio Pardo/MG,0.3
Desastres geo-hidrológicos,60008,Gestão de risco de desastre,2015,,Presente,low,Baixo,#FF8300,2558,Vargem/SC,0.3
Desastres geo-hidrológicos,60008,Gestão de risco de desastre,2015,,Presente,low,Baixo,#FF8300,657,Várzea Grande/MT,0.3
Desastres geo-hidrológicos,60008,Gestão de risco de desastre,2015,,Presente,low,Baixo,#FF8300,4199,Várzea/PB,0.3
Desastres geo-hidrológicos,60008,Gestão de risco de desastre,2015,,Presente,low,Baixo,#FF8300,3974,Várzea/RN,0.3
Desastres geo-hidrológicos,60008,Gestão de risco de desastre,2015,,Presente,low,Baixo,#FF8300,1589,Varzelândia/MG,0.3
Desastres geo-hidrológicos,60008,Gestão de risco de desastre,2015,,Presente,low,Baixo,#FF8300,508,Veranópolis/RS,0.3
Desastres geo-hidrológicos,60008,Gestão de risco de desastre,2015,,Presente,low,Baixo,#FF8300,5305,Verê/PR,0.3
Desastres geo-hidrológicos,60008,Gestão de risco de desastre,2015,,Presente,low,Baixo,#FF8300,4488,Viçosa/AL,0.3
Desastres geo-hidrológicos,60008,Gestão de risco de desastre,2015,,Presente,low,Baixo,#FF8300,1680,Vila Pavão/ES,0.3
Desastres geo-hidrológicos,60008,Gestão de risco de desastre,2015,,Presente,low,Baixo,#FF8300,1681,Vila Valério/ES,0.3
Desastres geo-hidrológicos,60008,Gestão de risco de desastre,2015,,Presente,low,Baixo,#FF8300,1682,Vila Velha/ES,0.3
Desastres geo-hidrológicos,60008,Gestão de risco de desastre,2015,,Presente,low,Baixo,#FF8300,518,Vista Alegre do Prata/RS,0.3
Desastres geo-hidrológicos,60008,Gestão de risco de desastre,2015,,Presente,low,Baixo,#FF8300,753,Vitória da Conquista/BA,0.3
Desastres geo-hidrológicos,60008,Gestão de risco de desastre,2015,,Presente,low,Baixo,#FF8300,4385,Vitória de Santo Antão/PE,0.3
Desastres geo-hidrológicos,60008,Gestão de risco de desastre,2015,,Presente,low,Baixo,#FF8300,2887,Vitória do Jari/AP,0.3
Desastres geo-hidrológicos,60008,Gestão de risco de desastre,2015,,Presente,low,Baixo,#FF8300,3401,Vitória do Mearim/MA,0.3
Desastres geo-hidrológicos,60008,Gestão de risco de desastre,2015,,Presente,low,Baixo,#FF8300,2561,Vitor Meireles/SC,0.3
Desastres geo-hidrológicos,60008,Gestão de risco de desastre,2015,,Presente,low,Baixo,#FF8300,3627,Wall Ferraz/PI,0.3
Desastres geo-hidrológicos,60008,Gestão de risco de desastre,2015,,Presente,low,Baixo,#FF8300,4867,Wanderley/BA,0.3
Desastres geo-hidrológicos,60008,Gestão de risco de desastre,2015,,Presente,low,Baixo,#FF8300,3186,Xambioá/TO,0.3
Desastres geo-hidrológicos,60008,Gestão de risco de desastre,2015,,Presente,low,Baixo,#FF8300,5309,Xambrê/PR,0.3
Desastres geo-hidrológicos,60008,Gestão de risco de desastre,2015,,Presente,low,Baixo,#FF8300,125,Xaxim/SC,0.3
Desastres geo-hidrológicos,60008,Gestão de risco de desastre,2015,,Presente,low,Baixo,#FF8300,3045,Xinguara/PA,0.3
Desastres geo-hidrológicos,60008,Gestão de risco de desastre,2015,,Presente,low,Baixo,#FF8300,757,Acaiaca/MG,0.28
Desastres geo-hidrológicos,60008,Gestão de risco de desastre,2015,,Presente,low,Baixo,#FF8300,3979,Água Branca/PB,0.28
Desastres geo-hidrológicos,60008,Gestão de risco de desastre,2015,,Presente,low,Baixo,#FF8300,129,Água Santa/RS,0.28
Desastres geo-hidrológicos,60008,Gestão de risco de desastre,2015,,Presente,low,Baixo,#FF8300,3190,Alcântara/MA,0.28
Desastres geo-hidrológicos,60008,Gestão de risco de desastre,2015,,Presente,low,Baixo,#FF8300,3408,Alegrete do Piauí/PI,0.28
Desastres geo-hidrológicos,60008,Gestão de risco de desastre,2015,,Presente,low,Baixo,#FF8300,4573,Amélia Rodrigues/BA,0.28
Desastres geo-hidrológicos,60008,Gestão de risco de desastre,2015,,Presente,low,Baixo,#FF8300,139,Ametista do Sul/RS,0.28
Desastres geo-hidrológicos,60008,Gestão de risco de desastre,2015,,Presente,low,Baixo,#FF8300,1795,Amparo/SP,0.28
Desastres geo-hidrológicos,60008,Gestão de risco de desastre,2015,,Presente,low,Baixo,#FF8300,3819,Angicos/RN,0.28
Desastres geo-hidrológicos,60008,Gestão de risco de desastre,2015,,Presente,low,Baixo,#FF8300,2387,Antônio Carlos/SC,0.28
Desastres geo-hidrológicos,60008,Gestão de risco de desastre,2015,,Presente,low,Baixo,#FF8300,528,Antônio João/MS,0.28
Desastres geo-hidrológicos,60008,Gestão de risco de desastre,2015,,Presente,low,Baixo,#FF8300,787,Antônio Prado de Minas/MG,0.28
Desastres geo-hidrológicos,60008,Gestão de risco de desastre,2015,,Presente,low,Baixo,#FF8300,3201,Araguanã/MA,0.28
Desastres geo-hidrológicos,60008,Gestão de risco de desastre,2015,,Presente,low,Baixo,#FF8300,5068,Arapuã/PR,0.28
Desastres geo-hidrológicos,60008,Gestão de risco de desastre,2015,,Presente,low,Baixo,#FF8300,605,Arenápolis/MT,0.28
Desastres geo-hidrológicos,60008,Gestão de risco de desastre,2015,,Presente,low,Baixo,#FF8300,2567,Arroio do Sal/RS,0.28
Desastres geo-hidrológicos,60008,Gestão de risco de desastre,2015,,Presente,low,Baixo,#FF8300,3065,Aurora do Tocantins/TO,0.28
Desastres geo-hidrológicos,60008,Gestão de risco de desastre,2015,,Presente,low,Baixo,#FF8300,3420,Avelino Lopes/PI,0.28
Desastres geo-hidrológicos,60008,Gestão de risco de desastre,2015,,Presente,low,Baixo,#FF8300,5075,Barracão/PR,0.28
Desastres geo-hidrológicos,60008,Gestão de risco de desastre,2015,,Presente,low,Baixo,#FF8300,154,Barra do Guarita/RS,0.28
Desastres geo-hidrológicos,60008,Gestão de risco de desastre,2015,,Presente,low,Baixo,#FF8300,3651,Barreira/CE,0.28
Desastres geo-hidrológicos,60008,Gestão de risco de desastre,2015,,Presente,low,Baixo,#FF8300,818,Belmiro Braga/MG,0.28
Desastres geo-hidrológicos,60008,Gestão de risco de desastre,2015,,Presente,low,Baixo,#FF8300,3430,Bertolínia/PI,0.28
Desastres geo-hidrológicos,60008,Gestão de risco de desastre,2015,,Presente,low,Baixo,#FF8300,5081,Bom Sucesso/PR,0.28
Desastres geo-hidrológicos,60008,Gestão de risco de desastre,2015,,Presente,low,Baixo,#FF8300,2823,Brasiléia/AC,0.28
Desastres geo-hidrológicos,60008,Gestão de risco de desastre,2015,,Presente,low,Baixo,#FF8300,846,Brasília de Minas/MG,0.28
Desastres geo-hidrológicos,60008,Gestão de risco de desastre,2015,,Presente,low,Baixo,#FF8300,3440,Buriti dos Lopes/PI,0.28
Desastres geo-hidrológicos,60008,Gestão de risco de desastre,2015,,Presente,low,Baixo,#FF8300,3442,Cabeceiras do Piauí/PI,0.28
Desastres geo-hidrológicos,60008,Gestão de risco de desastre,2015,,Presente,low,Baixo,#FF8300,4233,Cabrobó/PE,0.28
Desastres geo-hidrológicos,60008,Gestão de risco de desastre,2015,,Presente,low,Baixo,#FF8300,5087,Cafelândia/PR,0.28
Desastres geo-hidrológicos,60008,Gestão de risco de desastre,2015,,Presente,low,Baixo,#FF8300,5088,Cafezal do Sul/PR,0.28
Desastres geo-hidrológicos,60008,Gestão de risco de desastre,2015,,Presente,low,Baixo,#FF8300,1872,Caiabu/SP,0.28
Desastres geo-hidrológicos,60008,Gestão de risco de desastre,2015,,Presente,low,Baixo,#FF8300,1,Caiuá/SP,0.28
Desastres geo-hidrológicos,60008,Gestão de risco de desastre,2015,,Presente,low,Baixo,#FF8300,865,Caldas/MG,0.28
Desastres geo-hidrológicos,60008,Gestão de risco de desastre,2015,,Presente,low,Baixo,#FF8300,872,Campestre/MG,0.28
Desastres geo-hidrológicos,60008,Gestão de risco de desastre,2015,,Presente,low,Baixo,#FF8300,893,Capitólio/MG,0.28
Desastres geo-hidrológicos,60008,Gestão de risco de desastre,2015,,Presente,low,Baixo,#FF8300,2825,Capixaba/AC,0.28
Desastres geo-hidrológicos,60008,Gestão de risco de desastre,2015,,Presente,low,Baixo,#FF8300,541,Caracol/MS,0.28
Desastres geo-hidrológicos,60008,Gestão de risco de desastre,2015,,Presente,low,Baixo,#FF8300,896,Caranaíba/MG,0.28
Desastres geo-hidrológicos,60008,Gestão de risco de desastre,2015,,Presente,low,Baixo,#FF8300,194,Carlos Gomes/RS,0.28
Desastres geo-hidrológicos,60008,Gestão de risco de desastre,2015,,Presente,low,Baixo,#FF8300,4876,Cavalcante/GO,0.28
Desastres geo-hidrológicos,60008,Gestão de risco de desastre,2015,,Presente,low,Baixo,#FF8300,3459,Caxingó/PI,0.28
Desastres geo-hidrológicos,60008,Gestão de risco de desastre,2015,,Presente,low,Baixo,#FF8300,3841,Cerro Corá/RN,0.28
Desastres geo-hidrológicos,60008,Gestão de risco de desastre,2015,,Presente,low,Baixo,#FF8300,205,Charqueadas/RS,0.28
Desastres geo-hidrológicos,60008,Gestão de risco de desastre,2015,,Presente,low,Baixo,#FF8300,1903,Clementina/SP,0.28
Desastres geo-hidrológicos,60008,Gestão de risco de desastre,2015,,Presente,low,Baixo,#FF8300,5105,Clevelândia/PR,0.28
Desastres geo-hidrológicos,60008,Gestão de risco de desastre,2015,,Presente,low,Baixo,#FF8300,4988,Cocos/BA,0.28
Desastres geo-hidrológicos,60008,Gestão de risco de desastre,2015,,Presente,low,Baixo,#FF8300,4640,Conceição do Jacuípe/BA,0.28
Desastres geo-hidrológicos,60008,Gestão de risco de desastre,2015,,Presente,low,Baixo,#FF8300,953,Congonhas do Norte/MG,0.28
Desastres geo-hidrológicos,60008,Gestão de risco de desastre,2015,,Presente,low,Baixo,#FF8300,5337,Conselheiro Mairinck/PR,0.28
Desastres geo-hidrológicos,60008,Gestão de risco de desastre,2015,,Presente,low,Baixo,#FF8300,5110,Corumbataí do Sul/PR,0.28
Desastres geo-hidrológicos,60008,Gestão de risco de desastre,2015,,Presente,low,Baixo,#FF8300,974,Couto de Magalhães de Minas/MG,0.28
Desastres geo-hidrológicos,60008,Gestão de risco de desastre,2015,,Presente,low,Baixo,#FF8300,5341,Curiúva/PR,0.28
Desastres geo-hidrológicos,60008,Gestão de risco de desastre,2015,,Presente,low,Baixo,#FF8300,228,David Canabarro/RS,0.28
Desastres geo-hidrológicos,60008,Gestão de risco de desastre,2015,,Presente,low,Baixo,#FF8300,1935,Embaúba/SP,0.28
Desastres geo-hidrológicos,60008,Gestão de risco de desastre,2015,,Presente,low,Baixo,#FF8300,252,Estação/RS,0.28
Desastres geo-hidrológicos,60008,Gestão de risco de desastre,2015,,Presente,low,Baixo,#FF8300,3683,Eusébio/CE,0.28
Desastres geo-hidrológicos,60008,Gestão de risco de desastre,2015,,Presente,low,Baixo,#FF8300,256,Fagundes Varela/RS,0.28
Desastres geo-hidrológicos,60008,Gestão de risco de desastre,2015,,Presente,low,Baixo,#FF8300,4416,Feliz Deserto/AL,0.28
Desastres geo-hidrológicos,60008,Gestão de risco de desastre,2015,,Presente,low,Baixo,#FF8300,1944,Fernando Prestes/SP,0.28
Desastres geo-hidrológicos,60008,Gestão de risco de desastre,2015,,Presente,low,Baixo,#FF8300,1947,Floreal/SP,0.28
Desastres geo-hidrológicos,60008,Gestão de risco de desastre,2015,,Presente,low,Baixo,#FF8300,2588,Flores da Cunha/RS,0.28
Desastres geo-hidrológicos,60008,Gestão de risco de desastre,2015,,Presente,low,Baixo,#FF8300,266,Garibaldi/RS,0.28
Desastres geo-hidrológicos,60008,Gestão de risco de desastre,2015,,Presente,low,Baixo,#FF8300,269,General Câmara/RS,0.28
Desastres geo-hidrológicos,60008,Gestão de risco de desastre,2015,,Presente,low,Baixo,#FF8300,1960,Glicério/SP,0.28
Desastres geo-hidrológicos,60008,Gestão de risco de desastre,2015,,Presente,low,Baixo,#FF8300,5136,Goioerê/PR,0.28
Desastres geo-hidrológicos,60008,Gestão de risco de desastre,2015,,Presente,low,Baixo,#FF8300,1971,Guararema/SP,0.28
Desastres geo-hidrológicos,60008,Gestão de risco de desastre,2015,,Presente,low,Baixo,#FF8300,1982,Iacanga/SP,0.28
Desastres geo-hidrológicos,60008,Gestão de risco de desastre,2015,,Presente,low,Baixo,#FF8300,282,Ibarama/RS,0.28
Desastres geo-hidrológicos,60008,Gestão de risco de desastre,2015,,Presente,low,Baixo,#FF8300,289,Imigrante/RS,0.28
Desastres geo-hidrológicos,60008,Gestão de risco de desastre,2015,,Presente,low,Baixo,#FF8300,5148,Inajá/PR,0.28
Desastres geo-hidrológicos,60008,Gestão de risco de desastre,2015,,Presente,low,Baixo,#FF8300,2000,Indiaporã/SP,0.28
Desastres geo-hidrológicos,60008,Gestão de risco de desastre,2015,,Presente,low,Baixo,#FF8300,1106,Inhaúma/MG,0.28
Desastres geo-hidrológicos,60008,Gestão de risco de desastre,2015,,Presente,low,Baixo,#FF8300,1112,Ipuiúna/MG,0.28
Desastres geo-hidrológicos,60008,Gestão de risco de desastre,2015,,Presente,low,Baixo,#FF8300,5151,Iracema do Oeste/PR,0.28
Desastres geo-hidrológicos,60008,Gestão de risco de desastre,2015,,Presente,low,Baixo,#FF8300,1714,Italva/RJ,0.28
Desastres geo-hidrológicos,60008,Gestão de risco de desastre,2015,,Presente,low,Baixo,#FF8300,5357,Itaperuçu/PR,0.28
Desastres geo-hidrológicos,60008,Gestão de risco de desastre,2015,,Presente,low,Baixo,#FF8300,562,Ivinhema/MS,0.28
Desastres geo-hidrológicos,60008,Gestão de risco de desastre,2015,,Presente,low,Baixo,#FF8300,5490,Japurá/AM,0.28
Desastres geo-hidrológicos,60008,Gestão de risco de desastre,2015,,Presente,low,Baixo,#FF8300,2049,Joanópolis/SP,0.28
Desastres geo-hidrológicos,60008,Gestão de risco de desastre,2015,,Presente,low,Baixo,#FF8300,3878,Jucurutu/RN,0.28
Desastres geo-hidrológicos,60008,Gestão de risco de desastre,2015,,Presente,low,Baixo,#FF8300,567,Juti/MS,0.28
Desastres geo-hidrológicos,60008,Gestão de risco de desastre,2015,,Presente,low,Baixo,#FF8300,1176,Ladainha/MG,0.28
Desastres geo-hidrológicos,60008,Gestão de risco de desastre,2015,,Presente,low,Baixo,#FF8300,3881,Lagoa de Pedras/RN,0.28
Desastres geo-hidrológicos,60008,Gestão de risco de desastre,2015,,Presente,low,Baixo,#FF8300,3517,Lagoa do Barro do Piauí/PI,0.28
Desastres geo-hidrológicos,60008,Gestão de risco de desastre,2015,,Presente,low,Baixo,#FF8300,3290,Lagoa Grande do Maranhão/MA,0.28
Desastres geo-hidrológicos,60008,Gestão de risco de desastre,2015,,Presente,low,Baixo,#FF8300,4302,Lagoa Grande/PE,0.28
Desastres geo-hidrológicos,60008,Gestão de risco de desastre,2015,,Presente,low,Baixo,#FF8300,4082,Lagoa Seca/PB,0.28
Desastres geo-hidrológicos,60008,Gestão de risco de desastre,2015,,Presente,low,Baixo,#FF8300,1184,Lajinha/MG,0.28
Desastres geo-hidrológicos,60008,Gestão de risco de desastre,2015,,Presente,low,Baixo,#FF8300,4723,Lapão/BA,0.28
Desastres geo-hidrológicos,60008,Gestão de risco de desastre,2015,,Presente,low,Baixo,#FF8300,1187,Laranjal/MG,0.28
Desastres geo-hidrológicos,60008,Gestão de risco de desastre,2015,,Presente,low,Baixo,#FF8300,2070,Lucianópolis/SP,0.28
Desastres geo-hidrológicos,60008,Gestão de risco de desastre,2015,,Presente,low,Baixo,#FF8300,3522,Luís Correia/PI,0.28
Desastres geo-hidrológicos,60008,Gestão de risco de desastre,2015,,Presente,low,Baixo,#FF8300,1207,Manhuaçu/MG,0.28
Desastres geo-hidrológicos,60008,Gestão de risco de desastre,2015,,Presente,low,Baixo,#FF8300,1208,Manhumirim/MG,0.28
Desastres geo-hidrológicos,60008,Gestão de risco de desastre,2015,,Presente,low,Baixo,#FF8300,4735,Maragogipe/BA,0.28
Desastres geo-hidrológicos,60008,Gestão de risco de desastre,2015,,Presente,low,Baixo,#FF8300,318,Maratá/RS,0.28
Desastres geo-hidrológicos,60008,Gestão de risco de desastre,2015,,Presente,low,Baixo,#FF8300,320,Marcelino Ramos/RS,0.28
Desastres geo-hidrológicos,60008,Gestão de risco de desastre,2015,,Presente,low,Baixo,#FF8300,5187,Marialva/PR,0.28
Desastres geo-hidrológicos,60008,Gestão de risco de desastre,2015,,Presente,low,Baixo,#FF8300,2085,Marília/SP,0.28
Desastres geo-hidrológicos,60008,Gestão de risco de desastre,2015,,Presente,low,Baixo,#FF8300,4737,Mata de São João/BA,0.28
Desastres geo-hidrológicos,60008,Gestão de risco de desastre,2015,,Presente,low,Baixo,#FF8300,1224,Matias Barbosa/MG,0.28
Desastres geo-hidrológicos,60008,Gestão de risco de desastre,2015,,Presente,low,Baixo,#FF8300,727,Medeiros Neto/BA,0.28
Desastres geo-hidrológicos,60008,Gestão de risco de desastre,2015,,Presente,low,Baixo,#FF8300,2478,Meleiro/SC,0.28
Desastres geo-hidrológicos,60008,Gestão de risco de desastre,2015,,Presente,low,Baixo,#FF8300,2094,Mineiros do Tietê/SP,0.28
Desastres geo-hidrológicos,60008,Gestão de risco de desastre,2015,,Presente,low,Baixo,#FF8300,4100,Montadas/PB,0.28
Desastres geo-hidrológicos,60008,Gestão de risco de desastre,2015,,Presente,low,Baixo,#FF8300,1255,Morada Nova de Minas/MG,0.28
Desastres geo-hidrológicos,60008,Gestão de risco de desastre,2015,,Presente,low,Baixo,#FF8300,3745,Moraújo/CE,0.28
Desastres geo-hidrológicos,60008,Gestão de risco de desastre,2015,,Presente,low,Baixo,#FF8300,1262,Nacip Raydan/MG,0.28
Desastres geo-hidrológicos,60008,Gestão de risco de desastre,2015,,Presente,low,Baixo,#FF8300,5205,Nossa Senhora das Graças/PR,0.28
Desastres geo-hidrológicos,60008,Gestão de risco de desastre,2015,,Presente,low,Baixo,#FF8300,343,Nova Boa Vista/RS,0.28
Desastres geo-hidrológicos,60008,Gestão de risco de desastre,2015,,Presente,low,Baixo,#FF8300,730,Nova Canaã/BA,0.28
Desastres geo-hidrológicos,60008,Gestão de risco de desastre,2015,,Presente,low,Baixo,#FF8300,346,Nova Esperança do Sul/RS,0.28
Desastres geo-hidrológicos,60008,Gestão de risco de desastre,2015,,Presente,low,Baixo,#FF8300,1171,Nova União/MG,0.28
Desastres geo-hidrológicos,60008,Gestão de risco de desastre,2015,,Presente,low,Baixo,#FF8300,4870,Novo Santo Antônio/MT,0.28
Desastres geo-hidrológicos,60008,Gestão de risco de desastre,2015,,Presente,low,Baixo,#FF8300,4448,Olho d'Água do Casado/AL,0.28
Desastres geo-hidrológicos,60008,Gestão de risco de desastre,2015,,Presente,low,Baixo,#FF8300,3757,Pacujá/CE,0.28
Desastres geo-hidrológicos,60008,Gestão de risco de desastre,2015,,Presente,low,Baixo,#FF8300,1300,Palmópolis/MG,0.28
Desastres geo-hidrológicos,60008,Gestão de risco de desastre,2015,,Presente,low,Baixo,#FF8300,1303,Pará de Minas/MG,0.28
Desastres geo-hidrológicos,60008,Gestão de risco de desastre,2015,,Presente,low,Baixo,#FF8300,1304,Paraguaçu/MG,0.28
Desastres geo-hidrológicos,60008,Gestão de risco de desastre,2015,,Presente,low,Baixo,#FF8300,3916,Pedra Preta/RN,0.28
Desastres geo-hidrológicos,60008,Gestão de risco de desastre,2015,,Presente,low,Baixo,#FF8300,3767,Pereiro/CE,0.28
Desastres geo-hidrológicos,60008,Gestão de risco de desastre,2015,,Presente,low,Baixo,#FF8300,2178,Pindamonhangaba/SP,0.28
Desastres geo-hidrológicos,60008,Gestão de risco de desastre,2015,,Presente,low,Baixo,#FF8300,2615,Pinhal da Serra/RS,0.28
Desastres geo-hidrológicos,60008,Gestão de risco de desastre,2015,,Presente,low,Baixo,#FF8300,4539,Pinhão/SE,0.28
Desastres geo-hidrológicos,60008,Gestão de risco de desastre,2015,,Presente,low,Baixo,#FF8300,1347,Piranga/MG,0.28
Desastres geo-hidrológicos,60008,Gestão de risco de desastre,2015,,Presente,low,Baixo,#FF8300,1352,Piraúba/MG,0.28
Desastres geo-hidrológicos,60008,Gestão de risco de desastre,2015,,Presente,low,Baixo,#FF8300,4125,Pitimbu/PB,0.28
Desastres geo-hidrológicos,60008,Gestão de risco de desastre,2015,,Presente,low,Baixo,#FF8300,2192,Platina/SP,0.28
Desastres geo-hidrológicos,60008,Gestão de risco de desastre,2015,,Presente,low,Baixo,#FF8300,3150,Porto Alegre do Tocantins/TO,0.28
Desastres geo-hidrológicos,60008,Gestão de risco de desastre,2015,,Presente,low,Baixo,#FF8300,5240,Porto Rico/PR,0.28
Desastres geo-hidrológicos,60008,Gestão de risco de desastre,2015,,Presente,low,Baixo,#FF8300,3774,Potiretama/CE,0.28
Desastres geo-hidrológicos,60008,Gestão de risco de desastre,2015,,Presente,low,Baixo,#FF8300,739,Prado/BA,0.28
Desastres geo-hidrológicos,60008,Gestão de risco de desastre,2015,,Presente,low,Baixo,#FF8300,1375,Presidente Olegário/MG,0.28
Desastres geo-hidrológicos,60008,Gestão de risco de desastre,2015,,Presente,low,Baixo,#FF8300,4784,Presidente Tancredo Neves/BA,0.28
Desastres geo-hidrológicos,60008,Gestão de risco de desastre,2015,,Presente,low,Baixo,#FF8300,388,Putinga/RS,0.28
Desastres geo-hidrológicos,60008,Gestão de risco de desastre,2015,,Presente,low,Baixo,#FF8300,2213,Quatá/SP,0.28
Desastres geo-hidrológicos,60008,Gestão de risco de desastre,2015,,Presente,low,Baixo,#FF8300,391,Quevedos/RS,0.28
Desastres geo-hidrológicos,60008,Gestão de risco de desastre,2015,,Presente,low,Baixo,#FF8300,392,Quinze de Novembro/RS,0.28
Desastres geo-hidrológicos,60008,Gestão de risco de desastre,2015,,Presente,low,Baixo,#FF8300,5396,Rancho Alegre/PR,0.28
Desastres geo-hidrológicos,60008,Gestão de risco de desastre,2015,,Presente,low,Baixo,#FF8300,4793,Riacho de Santana/BA,0.28
Desastres geo-hidrológicos,60008,Gestão de risco de desastre,2015,,Presente,low,Baixo,#FF8300,2227,Ribeirão Corrente/SP,0.28
Desastres geo-hidrológicos,60008,Gestão de risco de desastre,2015,,Presente,low,Baixo,#FF8300,2234,Rincão/SP,0.28
Desastres geo-hidrológicos,60008,Gestão de risco de desastre,2015,,Presente,low,Baixo,#FF8300,2238,Rio Grande da Serra/SP,0.28
Desastres geo-hidrológicos,60008,Gestão de risco de desastre,2015,,Presente,low,Baixo,#FF8300,3012,Rio Maria/PA,0.28
Desastres geo-hidrológicos,60008,Gestão de risco de desastre,2015,,Presente,low,Baixo,#FF8300,2517,Rio Negrinho/SC,0.28
Desastres geo-hidrológicos,60008,Gestão de risco de desastre,2015,,Presente,low,Baixo,#FF8300,5507,Rio Preto da Eva/AM,0.28
Desastres geo-hidrológicos,60008,Gestão de risco de desastre,2015,,Presente,low,Baixo,#FF8300,2518,Rio Rufino/SC,0.28
Desastres geo-hidrológicos,60008,Gestão de risco de desastre,2015,,Presente,low,Baixo,#FF8300,586,Rio Verde de Mato Grosso/MS,0.28
Desastres geo-hidrológicos,60008,Gestão de risco de desastre,2015,,Presente,low,Baixo,#FF8300,403,Rondinha/RS,0.28
Desastres geo-hidrológicos,60008,Gestão de risco de desastre,2015,,Presente,low,Baixo,#FF8300,3783,Saboeiro/CE,0.28
Desastres geo-hidrológicos,60008,Gestão de risco de desastre,2015,,Presente,low,Baixo,#FF8300,2246,Sales Oliveira/SP,0.28
Desastres geo-hidrológicos,60008,Gestão de risco de desastre,2015,,Presente,low,Baixo,#FF8300,2245,Sales/SP,0.28
Desastres geo-hidrológicos,60008,Gestão de risco de desastre,2015,,Presente,low,Baixo,#FF8300,5257,Salgado Filho/PR,0.28
Desastres geo-hidrológicos,60008,Gestão de risco de desastre,2015,,Presente,low,Baixo,#FF8300,2253,Santa Adélia/SP,0.28
Desastres geo-hidrológicos,60008,Gestão de risco de desastre,2015,,Presente,low,Baixo,#FF8300,3579,Santa Cruz dos Milagres/PI,0.28
Desastres geo-hidrológicos,60008,Gestão de risco de desastre,2015,,Presente,low,Baixo,#FF8300,4342,Santa Cruz/PE,0.28
Desastres geo-hidrológicos,60008,Gestão de risco de desastre,2015,,Presente,low,Baixo,#FF8300,418,Santana da Boa Vista/RS,0.28
Desastres geo-hidrológicos,60008,Gestão de risco de desastre,2015,,Presente,low,Baixo,#FF8300,1433,Santana de Cataguases/MG,0.28
Desastres geo-hidrológicos,60008,Gestão de risco de desastre,2015,,Presente,low,Baixo,#FF8300,1441,Santana dos Montes/MG,0.28
Desastres geo-hidrológicos,60008,Gestão de risco de desastre,2015,,Presente,low,Baixo,#FF8300,2790,Santa Rita do Novo Destino/GO,0.28
Desastres geo-hidrológicos,60008,Gestão de risco de desastre,2015,,Presente,low,Baixo,#FF8300,427,Santo Antônio do Planalto/RS,0.28
Desastres geo-hidrológicos,60008,Gestão de risco de desastre,2015,,Presente,low,Baixo,#FF8300,2529,São Cristóvão do Sul/SC,0.28
Desastres geo-hidrológicos,60008,Gestão de risco de desastre,2015,,Presente,low,Baixo,#FF8300,3945,São José do Campestre/RN,0.28
Desastres geo-hidrológicos,60008,Gestão de risco de desastre,2015,,Presente,low,Baixo,#FF8300,452,São Pedro das Missões/RS,0.28
Desastres geo-hidrológicos,60008,Gestão de risco de desastre,2015,,Presente,low,Baixo,#FF8300,1520,Sardoá/MG,0.28
Desastres geo-hidrológicos,60008,Gestão de risco de desastre,2015,,Presente,low,Baixo,#FF8300,3615,Socorro do Piauí/PI,0.28
Desastres geo-hidrológicos,60008,Gestão de risco de desastre,2015,,Presente,low,Baixo,#FF8300,3796,Tabuleiro do Norte/CE,0.28
Desastres geo-hidrológicos,60008,Gestão de risco de desastre,2015,,Presente,low,Baixo,#FF8300,5293,Tapira/PR,0.28
Desastres geo-hidrológicos,60008,Gestão de risco de desastre,2015,,Presente,low,Baixo,#FF8300,5296,Terra Roxa/PR,0.28
Desastres geo-hidrológicos,60008,Gestão de risco de desastre,2015,,Presente,low,Baixo,#FF8300,5427,Tijucas do Sul/PR,0.28
Desastres geo-hidrológicos,60008,Gestão de risco de desastre,2015,,Presente,low,Baixo,#FF8300,2636,Tramandaí/RS,0.28
Desastres geo-hidrológicos,60008,Gestão de risco de desastre,2015,,Presente,low,Baixo,#FF8300,3803,Tururu/CE,0.28
Desastres geo-hidrológicos,60008,Gestão de risco de desastre,2015,,Presente,low,Baixo,#FF8300,3973,Upanema/RN,0.28
Desastres geo-hidrológicos,60008,Gestão de risco de desastre,2015,,Presente,low,Baixo,#FF8300,506,Venâncio Aires/RS,0.28
Desastres geo-hidrológicos,60008,Gestão de risco de desastre,2015,,Presente,low,Baixo,#FF8300,4380,Venturosa/PE,0.28
Desastres geo-hidrológicos,60008,Gestão de risco de desastre,2015,,Presente,low,Baixo,#FF8300,5304,Vera Cruz do Oeste/PR,0.28
Desastres geo-hidrológicos,60008,Gestão de risco de desastre,2015,,Presente,low,Baixo,#FF8300,510,Viadutos/RS,0.28
Desastres geo-hidrológicos,60008,Gestão de risco de desastre,2015,,Presente,low,Baixo,#FF8300,2645,Abadiânia/GO,0.25
Desastres geo-hidrológicos,60008,Gestão de risco de desastre,2015,,Presente,low,Baixo,#FF8300,2844,Alto Alegre/RR,0.25
Desastres geo-hidrológicos,60008,Gestão de risco de desastre,2015,,Presente,low,Baixo,#FF8300,5049,Alto Boa Vista/MT,0.25
Desastres geo-hidrológicos,60008,Gestão de risco de desastre,2015,,Presente,low,Baixo,#FF8300,5011,Alto Paraíso de Goiás/GO,0.25
Desastres geo-hidrológicos,60008,Gestão de risco de desastre,2015,,Presente,low,Baixo,#FF8300,5306,Alto Paraíso/PR,0.25
Desastres geo-hidrológicos,60008,Gestão de risco de desastre,2015,,Presente,low,Baixo,#FF8300,5039,Amapá/AP,0.25
Desastres geo-hidrológicos,60008,Gestão de risco de desastre,2015,,Presente,low,Baixo,#FF8300,4982,Aracatu/BA,0.25
Desastres geo-hidrológicos,60008,Gestão de risco de desastre,2015,,Presente,low,Baixo,#FF8300,790,Araçuaí/MG,0.25
Desastres geo-hidrológicos,60008,Gestão de risco de desastre,2015,,Presente,low,Baixo,#FF8300,659,Aragarças/GO,0.25
Desastres geo-hidrológicos,60008,Gestão de risco de desastre,2015,,Presente,low,Baixo,#FF8300,141,Arambaré/RS,0.25
Desastres geo-hidrológicos,60008,Gestão de risco de desastre,2015,,Presente,low,Baixo,#FF8300,3642,Ararendá/CE,0.25
Desastres geo-hidrológicos,60008,Gestão de risco de desastre,2015,,Presente,low,Baixo,#FF8300,800,Areado/MG,0.25
Desastres geo-hidrológicos,60008,Gestão de risco de desastre,2015,,Presente,low,Baixo,#FF8300,806,Augusto de Lima/MG,0.25
Desastres geo-hidrológicos,60008,Gestão de risco de desastre,2015,,Presente,low,Baixo,#FF8300,1825,Balbinos/SP,0.25
Desastres geo-hidrológicos,60008,Gestão de risco de desastre,2015,,Presente,low,Baixo,#FF8300,153,Barão do Triunfo/RS,0.25
Desastres geo-hidrológicos,60008,Gestão de risco de desastre,2015,,Presente,low,Baixo,#FF8300,607,Barra do Bugres/MT,0.25
Desastres geo-hidrológicos,60008,Gestão de risco de desastre,2015,,Presente,low,Baixo,#FF8300,1834,Barretos/SP,0.25
Desastres geo-hidrológicos,60008,Gestão de risco de desastre,2015,,Presente,low,Baixo,#FF8300,816,Barroso/MG,0.25
Desastres geo-hidrológicos,60008,Gestão de risco de desastre,2015,,Presente,low,Baixo,#FF8300,1837,Bastos/SP,0.25
Desastres geo-hidrológicos,60008,Gestão de risco de desastre,2015,,Presente,low,Baixo,#FF8300,1838,Batatais/SP,0.25
Desastres geo-hidrológicos,60008,Gestão de risco de desastre,2015,,Presente,low,Baixo,#FF8300,824,Berizal/MG,0.25
Desastres geo-hidrológicos,60008,Gestão de risco de desastre,2015,,Presente,low,Baixo,#FF8300,4221,Betânia/PE,0.25
Desastres geo-hidrológicos,60008,Gestão de risco de desastre,2015,,Presente,low,Baixo,#FF8300,826,Bias Fortes/MG,0.25
Desastres geo-hidrológicos,60008,Gestão de risco de desastre,2015,,Presente,low,Baixo,#FF8300,5077,Boa Esperança/PR,0.25
Desastres geo-hidrológicos,60008,Gestão de risco de desastre,2015,,Presente,low,Baixo,#FF8300,1849,Bofete/SP,0.25
Desastres geo-hidrológicos,60008,Gestão de risco de desastre,2015,,Presente,low,Baixo,#FF8300,835,Bom Jesus do Amparo/MG,0.25
Desastres geo-hidrológicos,60008,Gestão de risco de desastre,2015,,Presente,low,Baixo,#FF8300,2953,Bonito/PA,0.25
Desastres geo-hidrológicos,60008,Gestão de risco de desastre,2015,,Presente,low,Baixo,#FF8300,3437,Boqueirão do Piauí/PI,0.25
Desastres geo-hidrológicos,60008,Gestão de risco de desastre,2015,,Presente,low,Baixo,#FF8300,2412,Brunópolis/SC,0.25
Desastres geo-hidrológicos,60008,Gestão de risco de desastre,2015,,Presente,low,Baixo,#FF8300,3075,Buriti do Tocantins/TO,0.25
Desastres geo-hidrológicos,60008,Gestão de risco de desastre,2015,,Presente,low,Baixo,#FF8300,1865,Buritizal/SP,0.25
Desastres geo-hidrológicos,60008,Gestão de risco de desastre,2015,,Presente,low,Baixo,#FF8300,4024,Cacimbas/PB,0.25
Desastres geo-hidrológicos,60008,Gestão de risco de desastre,2015,,Presente,low,Baixo,#FF8300,176,Cacique Doble/RS,0.25
Desastres geo-hidrológicos,60008,Gestão de risco de desastre,2015,,Presente,low,Baixo,#FF8300,4235,Caetés/PE,0.25
Desastres geo-hidrológicos,60008,Gestão de risco de desastre,2015,,Presente,low,Baixo,#FF8300,3832,Caiçara do Norte/RN,0.25
Desastres geo-hidrológicos,60008,Gestão de risco de desastre,2015,,Presente,low,Baixo,#FF8300,1877,Cajuru/SP,0.25
Desastres geo-hidrológicos,60008,Gestão de risco de desastre,2015,,Presente,low,Baixo,#FF8300,3659,Camocim/CE,0.25
Desastres geo-hidrológicos,60008,Gestão de risco de desastre,2015,,Presente,low,Baixo,#FF8300,2418,Campo Belo do Sul/SC,0.25
Desastres geo-hidrológicos,60008,Gestão de risco de desastre,2015,,Presente,low,Baixo,#FF8300,4618,Campo Formoso/BA,0.25
Desastres geo-hidrológicos,60008,Gestão de risco de desastre,2015,,Presente,low,Baixo,#FF8300,5441,Cândido de Abreu/PR,0.25
Desastres geo-hidrológicos,60008,Gestão de risco de desastre,2015,,Presente,low,Baixo,#FF8300,4404,Capela/AL,0.25
Desastres geo-hidrológicos,60008,Gestão de risco de desastre,2015,,Presente,low,Baixo,#FF8300,4626,Capim Grosso/BA,0.25
Desastres geo-hidrológicos,60008,Gestão de risco de desastre,2015,,Presente,low,Baixo,#FF8300,2848,Caracaraí/RR,0.25
Desastres geo-hidrológicos,60008,Gestão de risco de desastre,2015,,Presente,low,Baixo,#FF8300,3455,Caracol/PI,0.25
Desastres geo-hidrológicos,60008,Gestão de risco de desastre,2015,,Presente,low,Baixo,#FF8300,1892,Carapicuíba/SP,0.25
Desastres geo-hidrológicos,60008,Gestão de risco de desastre,2015,,Presente,low,Baixo,#FF8300,909,Carmo do Rio Claro/MG,0.25
Desastres geo-hidrológicos,60008,Gestão de risco de desastre,2015,,Presente,low,Baixo,#FF8300,3080,Carrasco Bonito/TO,0.25
Desastres geo-hidrológicos,60008,Gestão de risco de desastre,2015,,Presente,low,Baixo,#FF8300,195,Casca/RS,0.25
Desastres geo-hidrológicos,60008,Gestão de risco de desastre,2015,,Presente,low,Baixo,#FF8300,917,Cássia/MG,0.25
Desastres geo-hidrológicos,60008,Gestão de risco de desastre,2015,,Presente,low,Baixo,#FF8300,542,Cassilândia/MS,0.25
Desastres geo-hidrológicos,60008,Gestão de risco de desastre,2015,,Presente,low,Baixo,#FF8300,2893,Castanheira/MT,0.25
Desastres geo-hidrológicos,60008,Gestão de risco de desastre,2015,,Presente,low,Baixo,#FF8300,197,Catuípe/RS,0.25
Desastres geo-hidrológicos,60008,Gestão de risco de desastre,2015,,Presente,low,Baixo,#FF8300,4037,Caturité/PB,0.25
Desastres geo-hidrológicos,60008,Gestão de risco de desastre,2015,,Presente,low,Baixo,#FF8300,43,Caxambu do Sul/SC,0.25
Desastres geo-hidrológicos,60008,Gestão de risco de desastre,2015,,Presente,low,Baixo,#FF8300,5525,Cerejeiras/RO,0.25
Desastres geo-hidrológicos,60008,Gestão de risco de desastre,2015,,Presente,low,Baixo,#FF8300,201,Cerro Grande/RS,0.25
Desastres geo-hidrológicos,60008,Gestão de risco de desastre,2015,,Presente,low,Baixo,#FF8300,3083,Chapada de Areia/TO,0.25
Desastres geo-hidrológicos,60008,Gestão de risco de desastre,2015,,Presente,low,Baixo,#FF8300,4406,Chã Preta/AL,0.25
Desastres geo-hidrológicos,60008,Gestão de risco de desastre,2015,,Presente,low,Baixo,#FF8300,208,Chuí/RS,0.25
Desastres geo-hidrológicos,60008,Gestão de risco de desastre,2015,,Presente,low,Baixo,#FF8300,3086,Combinado/TO,0.25
Desastres geo-hidrológicos,60008,Gestão de risco de desastre,2015,,Presente,low,Baixo,#FF8300,942,Conceição das Pedras/MG,0.25
Desastres geo-hidrológicos,60008,Gestão de risco de desastre,2015,,Presente,low,Baixo,#FF8300,4409,Coqueiro Seco/AL,0.25
Desastres geo-hidrológicos,60008,Gestão de risco de desastre,2015,,Presente,low,Baixo,#FF8300,46,Cordilheira Alta/SC,0.25
Desastres geo-hidrológicos,60008,Gestão de risco de desastre,2015,,Presente,low,Baixo,#FF8300,961,Cordisburgo/MG,0.25
Desastres geo-hidrológicos,60008,Gestão de risco de desastre,2015,,Presente,low,Baixo,#FF8300,219,Coronel Pilar/RS,0.25
Desastres geo-hidrológicos,60008,Gestão de risco de desastre,2015,,Presente,low,Baixo,#FF8300,972,Córrego Fundo/MG,0.25
Desastres geo-hidrológicos,60008,Gestão de risco de desastre,2015,,Presente,low,Baixo,#FF8300,3469,Cristalândia do Piauí/PI,0.25
Desastres geo-hidrológicos,60008,Gestão de risco de desastre,2015,,Presente,low,Baixo,#FF8300,2970,Curionópolis/PA,0.25
Desastres geo-hidrológicos,60008,Gestão de risco de desastre,2015,,Presente,low,Baixo,#FF8300,3472,Currais/PI,0.25
Desastres geo-hidrológicos,60008,Gestão de risco de desastre,2015,,Presente,low,Baixo,#FF8300,984,Curral de Dentro/MG,0.25
Desastres geo-hidrológicos,60008,Gestão de risco de desastre,2015,,Presente,low,Baixo,#FF8300,2698,Damianópolis/GO,0.25
Desastres geo-hidrológicos,60008,Gestão de risco de desastre,2015,,Presente,low,Baixo,#FF8300,549,Deodápolis/MS,0.25
Desastres geo-hidrológicos,60008,Gestão de risco de desastre,2015,,Presente,low,Baixo,#FF8300,2429,Dona Emma/SC,0.25
Desastres geo-hidrológicos,60008,Gestão de risco de desastre,2015,,Presente,low,Baixo,#FF8300,248,Erval Grande/RS,0.25
Desastres geo-hidrológicos,60008,Gestão de risco de desastre,2015,,Presente,low,Baixo,#FF8300,4260,Exu/PE,0.25
Desastres geo-hidrológicos,60008,Gestão de risco de desastre,2015,,Presente,low,Baixo,#FF8300,4932,Farroupilha/RS,0.25
Desastres geo-hidrológicos,60008,Gestão de risco de desastre,2015,,Presente,low,Baixo,#FF8300,3256,Feira Nova do Maranhão/MA,0.25
Desastres geo-hidrológicos,60008,Gestão de risco de desastre,2015,,Presente,low,Baixo,#FF8300,1945,Fernão/SP,0.25
Desastres geo-hidrológicos,60008,Gestão de risco de desastre,2015,,Presente,low,Baixo,#FF8300,4417,Flexeiras/AL,0.25
Desastres geo-hidrológicos,60008,Gestão de risco de desastre,2015,,Presente,low,Baixo,#FF8300,3485,Floresta do Piauí/PI,0.25
Desastres geo-hidrológicos,60008,Gestão de risco de desastre,2015,,Presente,low,Baixo,#FF8300,56,Formosa do Sul/SC,0.25
Desastres geo-hidrológicos,60008,Gestão de risco de desastre,2015,,Presente,low,Baixo,#FF8300,1955,Garça/SP,0.25
Desastres geo-hidrológicos,60008,Gestão de risco de desastre,2015,,Presente,low,Baixo,#FF8300,3104,Guaraí/TO,0.25
Desastres geo-hidrológicos,60008,Gestão de risco de desastre,2015,,Presente,low,Baixo,#FF8300,698,Guaratinga/BA,0.25
Desastres geo-hidrológicos,60008,Gestão de risco de desastre,2015,,Presente,low,Baixo,#FF8300,2718,Guarinos/GO,0.25
Desastres geo-hidrológicos,60008,Gestão de risco de desastre,2015,,Presente,low,Baixo,#FF8300,3862,Ielmo Marinho/RN,0.25
Desastres geo-hidrológicos,60008,Gestão de risco de desastre,2015,,Presente,low,Baixo,#FF8300,5351,Imbaú/PR,0.25
Desastres geo-hidrológicos,60008,Gestão de risco de desastre,2015,,Presente,low,Baixo,#FF8300,66,Irani/SC,0.25
Desastres geo-hidrológicos,60008,Gestão de risco de desastre,2015,,Presente,low,Baixo,#FF8300,295,Itacurubi/RS,0.25
Desastres geo-hidrológicos,60008,Gestão de risco de desastre,2015,,Presente,low,Baixo,#FF8300,2729,Itaguari/GO,0.25
Desastres geo-hidrológicos,60008,Gestão de risco de desastre,2015,,Presente,low,Baixo,#FF8300,3277,Itaipava do Grajaú/MA,0.25
Desastres geo-hidrológicos,60008,Gestão de risco de desastre,2015,,Presente,low,Baixo,#FF8300,4285,Itambé/PE,0.25
Desastres geo-hidrológicos,60008,Gestão de risco de desastre,2015,,Presente,low,Baixo,#FF8300,1716,Itaperuna/RJ,0.25
Desastres geo-hidrológicos,60008,Gestão de risco de desastre,2015,,Presente,low,Baixo,#FF8300,2022,Itápolis/SP,0.25
Desastres geo-hidrológicos,60008,Gestão de risco de desastre,2015,,Presente,low,Baixo,#FF8300,68,Itá/SC,0.25
Desastres geo-hidrológicos,60008,Gestão de risco de desastre,2015,,Presente,low,Baixo,#FF8300,3504,Jaicós/PI,0.25
Desastres geo-hidrológicos,60008,Gestão de risco de desastre,2015,,Presente,low,Baixo,#FF8300,624,Jangada/MT,0.25
Desastres geo-hidrológicos,60008,Gestão de risco de desastre,2015,,Presente,low,Baixo,#FF8300,5164,Jardim Alegre/PR,0.25
Desastres geo-hidrológicos,60008,Gestão de risco de desastre,2015,,Presente,low,Baixo,#FF8300,3723,Jardim/CE,0.25
Desastres geo-hidrológicos,60008,Gestão de risco de desastre,2015,,Presente,low,Baixo,#FF8300,2829,Jordão/AC,0.25
Desastres geo-hidrológicos,60008,Gestão de risco de desastre,2015,,Presente,low,Baixo,#FF8300,4298,Lagoa do Carro/PE,0.25
Desastres geo-hidrológicos,60008,Gestão de risco de desastre,2015,,Presente,low,Baixo,#FF8300,627,Lambari D'Oeste/MT,0.25
Desastres geo-hidrológicos,60008,Gestão de risco de desastre,2015,,Presente,low,Baixo,#FF8300,2597,Lindolfo Collor/RS,0.25
Desastres geo-hidrológicos,60008,Gestão de risco de desastre,2015,,Presente,low,Baixo,#FF8300,2065,Lins/SP,0.25
Desastres geo-hidrológicos,60008,Gestão de risco de desastre,2015,,Presente,low,Baixo,#FF8300,2986,Mãe do Rio/PA,0.25
Desastres geo-hidrológicos,60008,Gestão de risco de desastre,2015,,Presente,low,Baixo,#FF8300,5179,Mamborê/PR,0.25
Desastres geo-hidrológicos,60008,Gestão de risco de desastre,2015,,Presente,low,Baixo,#FF8300,6,Marabá Paulista/SP,0.25
Desastres geo-hidrológicos,60008,Gestão de risco de desastre,2015,,Presente,low,Baixo,#FF8300,4439,Mar Vermelho/AL,0.25
Desastres geo-hidrológicos,60008,Gestão de risco de desastre,2015,,Presente,low,Baixo,#FF8300,3735,Massapê/CE,0.25
Desastres geo-hidrológicos,60008,Gestão de risco de desastre,2015,,Presente,low,Baixo,#FF8300,3528,Massapê do Piauí/PI,0.25
Desastres geo-hidrológicos,60008,Gestão de risco de desastre,2015,,Presente,low,Baixo,#FF8300,1221,Mata Verde/MG,0.25
Desastres geo-hidrológicos,60008,Gestão de risco de desastre,2015,,Presente,low,Baixo,#FF8300,328,Maximiliano de Almeida/RS,0.25
Desastres geo-hidrológicos,60008,Gestão de risco de desastre,2015,,Presente,low,Baixo,#FF8300,2092,Mesópolis/SP,0.25
Desastres geo-hidrológicos,60008,Gestão de risco de desastre,2015,,Presente,low,Baixo,#FF8300,5200,Mirador/PR,0.25
Desastres geo-hidrológicos,60008,Gestão de risco de desastre,2015,,Presente,low,Baixo,#FF8300,81,Mondaí/SC,0.25
Desastres geo-hidrológicos,60008,Gestão de risco de desastre,2015,,Presente,low,Baixo,#FF8300,1244,Monsenhor Paulo/MG,0.25
Desastres geo-hidrológicos,60008,Gestão de risco de desastre,2015,,Presente,low,Baixo,#FF8300,3535,Monte Alegre do Piauí/PI,0.25
Desastres geo-hidrológicos,60008,Gestão de risco de desastre,2015,,Presente,low,Baixo,#FF8300,3897,Monte Alegre/RN,0.25
Desastres geo-hidrológicos,60008,Gestão de risco de desastre,2015,,Presente,low,Baixo,#FF8300,2483,Morro Grande/SC,0.25
Desastres geo-hidrológicos,60008,Gestão de risco de desastre,2015,,Presente,low,Baixo,#FF8300,3901,Nísia Floresta/RN,0.25
Desastres geo-hidrológicos,60008,Gestão de risco de desastre,2015,,Presente,low,Baixo,#FF8300,5207,Nova Aurora/PR,0.25
Desastres geo-hidrológicos,60008,Gestão de risco de desastre,2015,,Presente,low,Baixo,#FF8300,1270,Nova Belém/MG,0.25
Desastres geo-hidrológicos,60008,Gestão de risco de desastre,2015,,Presente,low,Baixo,#FF8300,5211,Nova Laranjeiras/PR,0.25
Desastres geo-hidrológicos,60008,Gestão de risco de desastre,2015,,Presente,low,Baixo,#FF8300,348,Nova Prata/RS,0.25
Desastres geo-hidrológicos,60008,Gestão de risco de desastre,2015,,Presente,low,Baixo,#FF8300,1276,Nova Resende/MG,0.25
Desastres geo-hidrológicos,60008,Gestão de risco de desastre,2015,,Presente,low,Baixo,#FF8300,84,Novo Horizonte/SC,0.25
Desastres geo-hidrológicos,60008,Gestão de risco de desastre,2015,,Presente,low,Baixo,#FF8300,4313,Orobó/PE,0.25
Desastres geo-hidrológicos,60008,Gestão de risco de desastre,2015,,Presente,low,Baixo,#FF8300,5535,Ouro Preto do Oeste/RO,0.25
Desastres geo-hidrológicos,60008,Gestão de risco de desastre,2015,,Presente,low,Baixo,#FF8300,3547,Padre Marcos/PI,0.25
Desastres geo-hidrológicos,60008,Gestão de risco de desastre,2015,,Presente,low,Baixo,#FF8300,5222,Palmital/PR,0.25
Desastres geo-hidrológicos,60008,Gestão de risco de desastre,2015,,Presente,low,Baixo,#FF8300,4318,Panelas/PE,0.25
Desastres geo-hidrológicos,60008,Gestão de risco de desastre,2015,,Presente,low,Baixo,#FF8300,4454,Pão de Açúcar/AL,0.25
Desastres geo-hidrológicos,60008,Gestão de risco de desastre,2015,,Presente,low,Baixo,#FF8300,2153,Paraíso/SP,0.25
Desastres geo-hidrológicos,60008,Gestão de risco de desastre,2015,,Presente,low,Baixo,#FF8300,4767,Paramirim/BA,0.25
Desastres geo-hidrológicos,60008,Gestão de risco de desastre,2015,,Presente,low,Baixo,#FF8300,4939,Pareci Novo/RS,0.25
Desastres geo-hidrológicos,60008,Gestão de risco de desastre,2015,,Presente,low,Baixo,#FF8300,4320,Parnamirim/PE,0.25
Desastres geo-hidrológicos,60008,Gestão de risco de desastre,2015,,Presente,low,Baixo,#FF8300,1311,Passos/MG,0.25
Desastres geo-hidrológicos,60008,Gestão de risco de desastre,2015,,Presente,low,Baixo,#FF8300,3561,Pedro Laurentino/PI,0.25
Desastres geo-hidrológicos,60008,Gestão de risco de desastre,2015,,Presente,low,Baixo,#FF8300,2497,Pescaria Brava/SC,0.25
Desastres geo-hidrológicos,60008,Gestão de risco de desastre,2015,,Presente,low,Baixo,#FF8300,2176,Piedade/SP,0.25
Desastres geo-hidrológicos,60008,Gestão de risco de desastre,2015,,Presente,low,Baixo,#FF8300,666,Piranhas/GO,0.25
Desastres geo-hidrológicos,60008,Gestão de risco de desastre,2015,,Presente,low,Baixo,#FF8300,2875,Placas/PA,0.25
Desastres geo-hidrológicos,60008,Gestão de risco de desastre,2015,,Presente,low,Baixo,#FF8300,1358,Pocrane/MG,0.25
Desastres geo-hidrológicos,60008,Gestão de risco de desastre,2015,,Presente,low,Baixo,#FF8300,4782,Ponto Novo/BA,0.25
Desastres geo-hidrológicos,60008,Gestão de risco de desastre,2015,,Presente,low,Baixo,#FF8300,381,Porto Lucena/RS,0.25
Desastres geo-hidrológicos,60008,Gestão de risco de desastre,2015,,Presente,low,Baixo,#FF8300,2204,Potim/SP,0.25
Desastres geo-hidrológicos,60008,Gestão de risco de desastre,2015,,Presente,low,Baixo,#FF8300,3338,Presidente Médici/MA,0.25
Desastres geo-hidrológicos,60008,Gestão de risco de desastre,2015,,Presente,low,Baixo,#FF8300,5538,Presidente Médici/RO,0.25
Desastres geo-hidrológicos,60008,Gestão de risco de desastre,2015,,Presente,low,Baixo,#FF8300,5564,Primavera de Rondônia/RO,0.25
Desastres geo-hidrológicos,60008,Gestão de risco de desastre,2015,,Presente,low,Baixo,#FF8300,3009,Primavera/PA,0.25
Desastres geo-hidrológicos,60008,Gestão de risco de desastre,2015,,Presente,low,Baixo,#FF8300,5247,Quinta do Sol/PR,0.25
Desastres geo-hidrológicos,60008,Gestão de risco de desastre,2015,,Presente,low,Baixo,#FF8300,4135,Remígio/PB,0.25
Desastres geo-hidrológicos,60008,Gestão de risco de desastre,2015,,Presente,low,Baixo,#FF8300,1746,Resende/RJ,0.25
Desastres geo-hidrológicos,60008,Gestão de risco de desastre,2015,,Presente,low,Baixo,#FF8300,4139,Riachão do Poço/PB,0.25
Desastres geo-hidrológicos,60008,Gestão de risco de desastre,2015,,Presente,low,Baixo,#FF8300,4334,Riacho das Almas/PE,0.25
Desastres geo-hidrológicos,60008,Gestão de risco de desastre,2015,,Presente,low,Baixo,#FF8300,4140,Riacho de Santo Antônio/PB,0.25
Desastres geo-hidrológicos,60008,Gestão de risco de desastre,2015,,Presente,low,Baixo,#FF8300,1388,Riacho dos Machados/MG,0.25
Desastres geo-hidrológicos,60008,Gestão de risco de desastre,2015,,Presente,low,Baixo,#FF8300,4795,Ribeira do Pombal/BA,0.25
Desastres geo-hidrológicos,60008,Gestão de risco de desastre,2015,,Presente,low,Baixo,#FF8300,5400,Ribeirão do Pinhal/PR,0.25
Desastres geo-hidrológicos,60008,Gestão de risco de desastre,2015,,Presente,low,Baixo,#FF8300,2233,Rifaina/SP,0.25
Desastres geo-hidrológicos,60008,Gestão de risco de desastre,2015,,Presente,low,Baixo,#FF8300,2235,Rinópolis/SP,0.25
Desastres geo-hidrológicos,60008,Gestão de risco de desastre,2015,,Presente,low,Baixo,#FF8300,5401,Rio Azul/PR,0.25
Desastres geo-hidrológicos,60008,Gestão de risco de desastre,2015,,Presente,low,Baixo,#FF8300,2513,Rio do Oeste/SC,0.25
Desastres geo-hidrológicos,60008,Gestão de risco de desastre,2015,,Presente,low,Baixo,#FF8300,2784,Rubiataba/GO,0.25
Desastres geo-hidrológicos,60008,Gestão de risco de desastre,2015,,Presente,low,Baixo,#FF8300,4801,Salinas da Margarida/BA,0.25
Desastres geo-hidrológicos,60008,Gestão de risco de desastre,2015,,Presente,low,Baixo,#FF8300,3014,Salinópolis/PA,0.25
Desastres geo-hidrológicos,60008,Gestão de risco de desastre,2015,,Presente,low,Baixo,#FF8300,2785,Sanclerlândia/GO,0.25
Desastres geo-hidrológicos,60008,Gestão de risco de desastre,2015,,Presente,low,Baixo,#FF8300,2522,Santa Cecília/SC,0.25
Desastres geo-hidrológicos,60008,Gestão de risco de desastre,2015,,Presente,low,Baixo,#FF8300,414,Santa Clara do Sul/RS,0.25
Desastres geo-hidrológicos,60008,Gestão de risco de desastre,2015,,Presente,low,Baixo,#FF8300,5508,Santa Isabel do Rio Negro/AM,0.25
Desastres geo-hidrológicos,60008,Gestão de risco de desastre,2015,,Presente,low,Baixo,#FF8300,4471,Santa Luzia do Norte/AL,0.25
Desastres geo-hidrológicos,60008,Gestão de risco de desastre,2015,,Presente,low,Baixo,#FF8300,1434,Santana de Pirapama/MG,0.25
Desastres geo-hidrológicos,60008,Gestão de risco de desastre,2015,,Presente,low,Baixo,#FF8300,3164,Santa Rita do Tocantins/TO,0.25
Desastres geo-hidrológicos,60008,Gestão de risco de desastre,2015,,Presente,low,Baixo,#FF8300,2273,Santa Salete/SP,0.25
Desastres geo-hidrológicos,60008,Gestão de risco de desastre,2015,,Presente,low,Baixo,#FF8300,5268,Santa Tereza do Oeste/PR,0.25
Desastres geo-hidrológicos,60008,Gestão de risco de desastre,2015,,Presente,low,Baixo,#FF8300,647,Santo Afonso/MT,0.25
Desastres geo-hidrológicos,60008,Gestão de risco de desastre,2015,,Presente,low,Baixo,#FF8300,3355,Santo Amaro do Maranhão/MA,0.25
Desastres geo-hidrológicos,60008,Gestão de risco de desastre,2015,,Presente,low,Baixo,#FF8300,3585,Santo Antônio dos Milagres/PI,0.25
Desastres geo-hidrológicos,60008,Gestão de risco de desastre,2015,,Presente,low,Baixo,#FF8300,3362,São Félix de Balsas/MA,0.25
Desastres geo-hidrológicos,60008,Gestão de risco de desastre,2015,,Presente,low,Baixo,#FF8300,1466,São Francisco de Paula/MG,0.25
Desastres geo-hidrológicos,60008,Gestão de risco de desastre,2015,,Presente,low,Baixo,#FF8300,4160,São Francisco/PB,0.25
Desastres geo-hidrológicos,60008,Gestão de risco de desastre,2015,,Presente,low,Baixo,#FF8300,1490,São Joaquim de Bicas/MG,0.25
Desastres geo-hidrológicos,60008,Gestão de risco de desastre,2015,,Presente,low,Baixo,#FF8300,2536,São José do Cerrito/SC,0.25
Desastres geo-hidrológicos,60008,Gestão de risco de desastre,2015,,Presente,low,Baixo,#FF8300,3604,São Luis do Piauí/PI,0.25
Desastres geo-hidrológicos,60008,Gestão de risco de desastre,2015,,Presente,low,Baixo,#FF8300,3606,São Miguel do Fidalgo/PI,0.25
Desastres geo-hidrológicos,60008,Gestão de risco de desastre,2015,,Presente,low,Baixo,#FF8300,3033,São Miguel do Guamá/PA,0.25
Desastres geo-hidrológicos,60008,Gestão de risco de desastre,2015,,Presente,low,Baixo,#FF8300,3950,São Pedro/RN,0.25
Desastres geo-hidrológicos,60008,Gestão de risco de desastre,2015,,Presente,low,Baixo,#FF8300,1505,São Romão/MG,0.25
Desastres geo-hidrológicos,60008,Gestão de risco de desastre,2015,,Presente,low,Baixo,#FF8300,2309,Sarutaiá/SP,0.25
Desastres geo-hidrológicos,60008,Gestão de risco de desastre,2015,,Presente,low,Baixo,#FF8300,3957,Serra do Mel/RN,0.25
Desastres geo-hidrológicos,60008,Gestão de risco de desastre,2015,,Presente,low,Baixo,#FF8300,2313,Serra Negra/SP,0.25
Desastres geo-hidrológicos,60008,Gestão de risco de desastre,2015,,Presente,low,Baixo,#FF8300,1538,Serrania/MG,0.25
Desastres geo-hidrológicos,60008,Gestão de risco de desastre,2015,,Presente,low,Baixo,#FF8300,4182,Serra Redonda/PB,0.25
Desastres geo-hidrológicos,60008,Gestão de risco de desastre,2015,,Presente,low,Baixo,#FF8300,3961,Severiano Melo/RN,0.25
Desastres geo-hidrológicos,60008,Gestão de risco de desastre,2015,,Presente,low,Baixo,#FF8300,2929,Sorriso/MT,0.25
Desastres geo-hidrológicos,60008,Gestão de risco de desastre,2015,,Presente,low,Baixo,#FF8300,2323,Suzanápolis/SP,0.25
Desastres geo-hidrológicos,60008,Gestão de risco de desastre,2015,,Presente,low,Baixo,#FF8300,1549,Tabuleiro/MG,0.25
Desastres geo-hidrológicos,60008,Gestão de risco de desastre,2015,,Presente,low,Baixo,#FF8300,593,Tacuru/MS,0.25
Desastres geo-hidrológicos,60008,Gestão de risco de desastre,2015,,Presente,low,Baixo,#FF8300,4845,Tanquinho/BA,0.25
Desastres geo-hidrológicos,60008,Gestão de risco de desastre,2015,,Presente,low,Baixo,#FF8300,2333,Tapiratiba/SP,0.25
Desastres geo-hidrológicos,60008,Gestão de risco de desastre,2015,,Presente,low,Baixo,#FF8300,481,Taquaruçu do Sul/RS,0.25
Desastres geo-hidrológicos,60008,Gestão de risco de desastre,2015,,Presente,low,Baixo,#FF8300,4850,Teolândia/BA,0.25
Desastres geo-hidrológicos,60008,Gestão de risco de desastre,2015,,Presente,low,Baixo,#FF8300,4374,Toritama/PE,0.25
Desastres geo-hidrológicos,60008,Gestão de risco de desastre,2015,,Presente,low,Baixo,#FF8300,486,Toropi/RS,0.25
Desastres geo-hidrológicos,60008,Gestão de risco de desastre,2015,,Presente,low,Baixo,#FF8300,2349,Três Fronteiras/SP,0.25
Desastres geo-hidrológicos,60008,Gestão de risco de desastre,2015,,Presente,low,Baixo,#FF8300,491,Três Passos/RS,0.25
Desastres geo-hidrológicos,60008,Gestão de risco de desastre,2015,,Presente,low,Baixo,#FF8300,2350,Tuiuti/SP,0.25
Desastres geo-hidrológicos,60008,Gestão de risco de desastre,2015,,Presente,low,Baixo,#FF8300,497,Tuparendi/RS,0.25
Desastres geo-hidrológicos,60008,Gestão de risco de desastre,2015,,Presente,low,Baixo,#FF8300,4854,Ubaíra/BA,0.25
Desastres geo-hidrológicos,60008,Gestão de risco de desastre,2015,,Presente,low,Baixo,#FF8300,5301,Ubiratã/PR,0.25
Desastres geo-hidrológicos,60008,Gestão de risco de desastre,2015,,Presente,low,Baixo,#FF8300,656,Vale de São Domingos/MT,0.25
Desastres geo-hidrológicos,60008,Gestão de risco de desastre,2015,,Presente,low,Baixo,#FF8300,504,Vale do Sol/RS,0.25
Desastres geo-hidrológicos,60008,Gestão de risco de desastre,2015,,Presente,low,Baixo,#FF8300,4863,Várzea Nova/BA,0.25
Desastres geo-hidrológicos,60008,Gestão de risco de desastre,2015,,Presente,low,Baixo,#FF8300,3625,Vera Mendes/PI,0.25
Desastres geo-hidrológicos,60008,Gestão de risco de desastre,2015,,Presente,low,Baixo,#FF8300,3626,Vila Nova do Piauí/PI,0.25
Desastres geo-hidrológicos,60008,Gestão de risco de desastre,2015,,Presente,low,Baixo,#FF8300,3981,Alagoa Grande/PB,0.22
Desastres geo-hidrológicos,60008,Gestão de risco de desastre,2015,,Presente,low,Baixo,#FF8300,3407,Alagoinha do Piauí/PI,0.22
Desastres geo-hidrológicos,60008,Gestão de risco de desastre,2015,,Presente,low,Baixo,#FF8300,3193,Alto Alegre do Maranhão/MA,0.22
Desastres geo-hidrológicos,60008,Gestão de risco de desastre,2015,,Presente,low,Baixo,#FF8300,599,Alto Araguaia/MT,0.22
Desastres geo-hidrológicos,60008,Gestão de risco de desastre,2015,,Presente,low,Baixo,#FF8300,5062,Alto Paraná/PR,0.22
Desastres geo-hidrológicos,60008,Gestão de risco de desastre,2015,,Presente,low,Baixo,#FF8300,5063,Alto Piquiri/PR,0.22
Desastres geo-hidrológicos,60008,Gestão de risco de desastre,2015,,Presente,low,Baixo,#FF8300,4574,América Dourada/BA,0.22
Desastres geo-hidrológicos,60008,Gestão de risco de desastre,2015,,Presente,low,Baixo,#FF8300,5317,Antônio Olinto/PR,0.22
Desastres geo-hidrológicos,60008,Gestão de risco de desastre,2015,,Presente,low,Baixo,#FF8300,1800,Aparecida d'Oeste/SP,0.22
Desastres geo-hidrológicos,60008,Gestão de risco de desastre,2015,,Presente,low,Baixo,#FF8300,2890,Aripuanã/MT,0.22
Desastres geo-hidrológicos,60008,Gestão de risco de desastre,2015,,Presente,low,Baixo,#FF8300,1814,Ariranha/SP,0.22
Desastres geo-hidrológicos,60008,Gestão de risco de desastre,2015,,Presente,low,Baixo,#FF8300,3417,Aroeiras do Itaim/PI,0.22
Desastres geo-hidrológicos,60008,Gestão de risco de desastre,2015,,Presente,low,Baixo,#FF8300,3996,Aroeiras/PB,0.22
Desastres geo-hidrológicos,60008,Gestão de risco de desastre,2015,,Presente,low,Baixo,#FF8300,5012,Aruanã/GO,0.22
Desastres geo-hidrológicos,60008,Gestão de risco de desastre,2015,,Presente,low,Baixo,#FF8300,149,Augusto Pestana/RS,0.22
Desastres geo-hidrológicos,60008,Gestão de risco de desastre,2015,,Presente,low,Baixo,#FF8300,3207,Bacabeira/MA,0.22
Desastres geo-hidrológicos,60008,Gestão de risco de desastre,2015,,Presente,low,Baixo,#FF8300,3825,Baía Formosa/RN,0.22
Desastres geo-hidrológicos,60008,Gestão de risco de desastre,2015,,Presente,low,Baixo,#FF8300,3999,Bananeiras/PB,0.22
Desastres geo-hidrológicos,60008,Gestão de risco de desastre,2015,,Presente,low,Baixo,#FF8300,1829,Barbosa/SP,0.22
Desastres geo-hidrológicos,60008,Gestão de risco de desastre,2015,,Presente,low,Baixo,#FF8300,833,Bom Jardim de Minas/MG,0.22
Desastres geo-hidrológicos,60008,Gestão de risco de desastre,2015,,Presente,low,Baixo,#FF8300,2846,Bonfim/RR,0.22
Desastres geo-hidrológicos,60008,Gestão de risco de desastre,2015,,Presente,low,Baixo,#FF8300,1855,Borborema/SP,0.22
Desastres geo-hidrológicos,60008,Gestão de risco de desastre,2015,,Presente,low,Baixo,#FF8300,1856,Borebi/SP,0.22
Desastres geo-hidrológicos,60008,Gestão de risco de desastre,2015,,Presente,low,Baixo,#FF8300,852,Buenópolis/MG,0.22
Desastres geo-hidrológicos,60008,Gestão de risco de desastre,2015,,Presente,low,Baixo,#FF8300,3227,Buriticupu/MA,0.22
Desastres geo-hidrológicos,60008,Gestão de risco de desastre,2015,,Presente,low,Baixo,#FF8300,2571,Cachoeirinha/RS,0.22
Desastres geo-hidrológicos,60008,Gestão de risco de desastre,2015,,Presente,low,Baixo,#FF8300,862,Caeté/MG,0.22
Desastres geo-hidrológicos,60008,Gestão de risco de desastre,2015,,Presente,low,Baixo,#FF8300,180,Camargo/RS,0.22
Desastres geo-hidrológicos,60008,Gestão de risco de desastre,2015,,Presente,low,Baixo,#FF8300,3447,Campo Alegre do Fidalgo/PI,0.22
Desastres geo-hidrológicos,60008,Gestão de risco de desastre,2015,,Presente,low,Baixo,#FF8300,684,Canavieiras/BA,0.22
Desastres geo-hidrológicos,60008,Gestão de risco de desastre,2015,,Presente,low,Baixo,#FF8300,4241,Canhotinho/PE,0.22
Desastres geo-hidrológicos,60008,Gestão de risco de desastre,2015,,Presente,low,Baixo,#FF8300,4929,Capela de Santana/RS,0.22
Desastres geo-hidrológicos,60008,Gestão de risco de desastre,2015,,Presente,low,Baixo,#FF8300,898,Carangola/MG,0.22
Desastres geo-hidrológicos,60008,Gestão de risco de desastre,2015,,Presente,low,Baixo,#FF8300,3673,Chaval/CE,0.22
Desastres geo-hidrológicos,60008,Gestão de risco de desastre,2015,,Presente,low,Baixo,#FF8300,3674,Choró/CE,0.22
Desastres geo-hidrológicos,60008,Gestão de risco de desastre,2015,,Presente,low,Baixo,#FF8300,3463,Coivaras/PI,0.22
Desastres geo-hidrológicos,60008,Gestão de risco de desastre,2015,,Presente,low,Baixo,#FF8300,2969,Concórdia do Pará/PA,0.22
Desastres geo-hidrológicos,60008,Gestão de risco de desastre,2015,,Presente,low,Baixo,#FF8300,4039,Condado/PB,0.22
Desastres geo-hidrológicos,60008,Gestão de risco de desastre,2015,,Presente,low,Baixo,#FF8300,3842,Coronel Ezequiel/RN,0.22
Desastres geo-hidrológicos,60008,Gestão de risco de desastre,2015,,Presente,low,Baixo,#FF8300,4650,Cristópolis/BA,0.22
Desastres geo-hidrológicos,60008,Gestão de risco de desastre,2015,,Presente,low,Baixo,#FF8300,5115,Diamante do Sul/PR,0.22
Desastres geo-hidrológicos,60008,Gestão de risco de desastre,2015,,Presente,low,Baixo,#FF8300,1002,Divisa Nova/MG,0.22
Desastres geo-hidrológicos,60008,Gestão de risco de desastre,2015,,Presente,low,Baixo,#FF8300,1007,Dom Silvério/MG,0.22
Desastres geo-hidrológicos,60008,Gestão de risco de desastre,2015,,Presente,low,Baixo,#FF8300,4057,Emas/PB,0.22
Desastres geo-hidrológicos,60008,Gestão de risco de desastre,2015,,Presente,low,Baixo,#FF8300,4899,Emilianópolis/SP,0.22
Desastres geo-hidrológicos,60008,Gestão de risco de desastre,2015,,Presente,low,Baixo,#FF8300,2584,Esmeralda/RS,0.22
Desastres geo-hidrológicos,60008,Gestão de risco de desastre,2015,,Presente,low,Baixo,#FF8300,5122,Esperança Nova/PR,0.22
Desastres geo-hidrológicos,60008,Gestão de risco de desastre,2015,,Presente,low,Baixo,#FF8300,5127,Floraí/PR,0.22
Desastres geo-hidrológicos,60008,Gestão de risco de desastre,2015,,Presente,low,Baixo,#FF8300,5128,Flor da Serra do Sul/PR,0.22
Desastres geo-hidrológicos,60008,Gestão de risco de desastre,2015,,Presente,low,Baixo,#FF8300,5132,Francisco Alves/PR,0.22
Desastres geo-hidrológicos,60008,Gestão de risco de desastre,2015,,Presente,low,Baixo,#FF8300,4060,Frei Martinho/PB,0.22
Desastres geo-hidrológicos,60008,Gestão de risco de desastre,2015,,Presente,low,Baixo,#FF8300,1058,Frutal/MG,0.22
Desastres geo-hidrológicos,60008,Gestão de risco de desastre,2015,,Presente,low,Baixo,#FF8300,1060,Galiléia/MG,0.22
Desastres geo-hidrológicos,60008,Gestão de risco de desastre,2015,,Presente,low,Baixo,#FF8300,1061,Gameleiras/MG,0.22
Desastres geo-hidrológicos,60008,Gestão de risco de desastre,2015,,Presente,low,Baixo,#FF8300,2977,Goianésia do Pará/PA,0.22
Desastres geo-hidrológicos,60008,Gestão de risco de desastre,2015,,Presente,low,Baixo,#FF8300,2439,Governador Celso Ramos/SC,0.22
Desastres geo-hidrológicos,60008,Gestão de risco de desastre,2015,,Presente,low,Baixo,#FF8300,275,Guabiju/RS,0.22
Desastres geo-hidrológicos,60008,Gestão de risco de desastre,2015,,Presente,low,Baixo,#FF8300,5143,Honório Serpa/PR,0.22
Desastres geo-hidrológicos,60008,Gestão de risco de desastre,2015,,Presente,low,Baixo,#FF8300,2444,Ibiam/SC,0.22
Desastres geo-hidrológicos,60008,Gestão de risco de desastre,2015,,Presente,low,Baixo,#FF8300,700,Ibicuí/BA,0.22
Desastres geo-hidrológicos,60008,Gestão de risco de desastre,2015,,Presente,low,Baixo,#FF8300,3497,Ilha Grande/PI,0.22
Desastres geo-hidrológicos,60008,Gestão de risco de desastre,2015,,Presente,low,Baixo,#FF8300,1118,Itacarambi/MG,0.22
Desastres geo-hidrológicos,60008,Gestão de risco de desastre,2015,,Presente,low,Baixo,#FF8300,4994,Itacaré/BA,0.22
Desastres geo-hidrológicos,60008,Gestão de risco de desastre,2015,,Presente,low,Baixo,#FF8300,5488,Itamarati/AM,0.22
Desastres geo-hidrológicos,60008,Gestão de risco de desastre,2015,,Presente,low,Baixo,#FF8300,714,Itapetinga/BA,0.22
Desastres geo-hidrológicos,60008,Gestão de risco de desastre,2015,,Presente,low,Baixo,#FF8300,2029,Itatinga/SP,0.22
Desastres geo-hidrológicos,60008,Gestão de risco de desastre,2015,,Presente,low,Baixo,#FF8300,2594,Itati/RS,0.22
Desastres geo-hidrológicos,60008,Gestão de risco de desastre,2015,,Presente,low,Baixo,#FF8300,2735,Itumbiara/GO,0.22
Desastres geo-hidrológicos,60008,Gestão de risco de desastre,2015,,Presente,low,Baixo,#FF8300,5358,Ivaí/PR,0.22
Desastres geo-hidrológicos,60008,Gestão de risco de desastre,2015,,Presente,low,Baixo,#FF8300,1644,Jaguaré/ES,0.22
Desastres geo-hidrológicos,60008,Gestão de risco de desastre,2015,,Presente,low,Baixo,#FF8300,4425,Japaratinga/AL,0.22
Desastres geo-hidrológicos,60008,Gestão de risco de desastre,2015,,Presente,low,Baixo,#FF8300,4519,Japaratuba/SE,0.22
Desastres geo-hidrológicos,60008,Gestão de risco de desastre,2015,,Presente,low,Baixo,#FF8300,5362,Japira/PR,0.22
Desastres geo-hidrológicos,60008,Gestão de risco de desastre,2015,,Presente,low,Baixo,#FF8300,2738,Jaraguá/GO,0.22
Desastres geo-hidrológicos,60008,Gestão de risco de desastre,2015,,Presente,low,Baixo,#FF8300,1157,Jequeri/MG,0.22
Desastres geo-hidrológicos,60008,Gestão de risco de desastre,2015,,Presente,low,Baixo,#FF8300,4294,Joaquim Nabuco/PE,0.22
Desastres geo-hidrológicos,60008,Gestão de risco de desastre,2015,,Presente,low,Baixo,#FF8300,5169,Kaloré/PR,0.22
Desastres geo-hidrológicos,60008,Gestão de risco de desastre,2015,,Presente,low,Baixo,#FF8300,3519,Lagoa do Piauí/PI,0.22
Desastres geo-hidrológicos,60008,Gestão de risco de desastre,2015,,Presente,low,Baixo,#FF8300,2064,Lindóia/SP,0.22
Desastres geo-hidrológicos,60008,Gestão de risco de desastre,2015,,Presente,low,Baixo,#FF8300,4084,Livramento/PB,0.22
Desastres geo-hidrológicos,60008,Gestão de risco de desastre,2015,,Presente,low,Baixo,#FF8300,2908,Lucas do Rio Verde/MT,0.22
Desastres geo-hidrológicos,60008,Gestão de risco de desastre,2015,,Presente,low,Baixo,#FF8300,5497,Manicoré/AM,0.22
Desastres geo-hidrológicos,60008,Gestão de risco de desastre,2015,,Presente,low,Baixo,#FF8300,2086,Marinópolis/SP,0.22
Desastres geo-hidrológicos,60008,Gestão de risco de desastre,2015,,Presente,low,Baixo,#FF8300,1218,Marmelópolis/MG,0.22
Desastres geo-hidrológicos,60008,Gestão de risco de desastre,2015,,Presente,low,Baixo,#FF8300,5195,Marumbi/PR,0.22
Desastres geo-hidrológicos,60008,Gestão de risco de desastre,2015,,Presente,low,Baixo,#FF8300,324,Mata/RS,0.22
Desastres geo-hidrológicos,60008,Gestão de risco de desastre,2015,,Presente,low,Baixo,#FF8300,1222,Materlândia/MG,0.22
Desastres geo-hidrológicos,60008,Gestão de risco de desastre,2015,,Presente,low,Baixo,#FF8300,7,Mirante do Paranapanema/SP,0.22
Desastres geo-hidrológicos,60008,Gestão de risco de desastre,2015,,Presente,low,Baixo,#FF8300,1250,Monte Formoso/MG,0.22
Desastres geo-hidrológicos,60008,Gestão de risco de desastre,2015,,Presente,low,Baixo,#FF8300,1251,Monte Santo de Minas/MG,0.22
Desastres geo-hidrológicos,60008,Gestão de risco de desastre,2015,,Presente,low,Baixo,#FF8300,2118,Natividade da Serra/SP,0.22
Desastres geo-hidrológicos,60008,Gestão de risco de desastre,2015,,Presente,low,Baixo,#FF8300,4530,Neópolis/SE,0.22
Desastres geo-hidrológicos,60008,Gestão de risco de desastre,2015,,Presente,low,Baixo,#FF8300,2125,Nova Canaã Paulista/SP,0.22
Desastres geo-hidrológicos,60008,Gestão de risco de desastre,2015,,Presente,low,Baixo,#FF8300,2145,Ouroeste/SP,0.22
Desastres geo-hidrológicos,60008,Gestão de risco de desastre,2015,,Presente,low,Baixo,#FF8300,11,Ouro Verde/SP,0.22
Desastres geo-hidrológicos,60008,Gestão de risco de desastre,2015,,Presente,low,Baixo,#FF8300,3316,Paço do Lumiar/MA,0.22
Desastres geo-hidrológicos,60008,Gestão de risco de desastre,2015,,Presente,low,Baixo,#FF8300,3756,Pacoti/CE,0.22
Desastres geo-hidrológicos,60008,Gestão de risco de desastre,2015,,Presente,low,Baixo,#FF8300,5225,Paranacity/PR,0.22
Desastres geo-hidrológicos,60008,Gestão de risco de desastre,2015,,Presente,low,Baixo,#FF8300,5228,Pato Bragado/PR,0.22
Desastres geo-hidrológicos,60008,Gestão de risco de desastre,2015,,Presente,low,Baixo,#FF8300,732,Pau Brasil/BA,0.22
Desastres geo-hidrológicos,60008,Gestão de risco de desastre,2015,,Presente,low,Baixo,#FF8300,4458,Paulo Jacinto/AL,0.22
Desastres geo-hidrológicos,60008,Gestão de risco de desastre,2015,,Presente,low,Baixo,#FF8300,3559,Pavussu/PI,0.22
Desastres geo-hidrológicos,60008,Gestão de risco de desastre,2015,,Presente,low,Baixo,#FF8300,2169,Pedrinhas Paulista/SP,0.22
Desastres geo-hidrológicos,60008,Gestão de risco de desastre,2015,,Presente,low,Baixo,#FF8300,3918,Pedro Velho/RN,0.22
Desastres geo-hidrológicos,60008,Gestão de risco de desastre,2015,,Presente,low,Baixo,#FF8300,3919,Pendências/RN,0.22
Desastres geo-hidrológicos,60008,Gestão de risco de desastre,2015,,Presente,low,Baixo,#FF8300,3565,Pio IX/PI,0.22
Desastres geo-hidrológicos,60008,Gestão de risco de desastre,2015,,Presente,low,Baixo,#FF8300,1349,Piranguinho/MG,0.22
Desastres geo-hidrológicos,60008,Gestão de risco de desastre,2015,,Presente,low,Baixo,#FF8300,4329,Pombos/PE,0.22
Desastres geo-hidrológicos,60008,Gestão de risco de desastre,2015,,Presente,low,Baixo,#FF8300,5452,Porecatu/PR,0.22
Desastres geo-hidrológicos,60008,Gestão de risco de desastre,2015,,Presente,low,Baixo,#FF8300,3779,Quixeré/CE,0.22
Desastres geo-hidrológicos,60008,Gestão de risco de desastre,2015,,Presente,low,Baixo,#FF8300,3342,Raposa/MA,0.22
Desastres geo-hidrológicos,60008,Gestão de risco de desastre,2015,,Presente,low,Baixo,#FF8300,2221,Reginópolis/SP,0.22
Desastres geo-hidrológicos,60008,Gestão de risco de desastre,2015,,Presente,low,Baixo,#FF8300,4144,Salgado de São Félix/PB,0.22
Desastres geo-hidrológicos,60008,Gestão de risco de desastre,2015,,Presente,low,Baixo,#FF8300,651,Salto do Céu/MT,0.22
Desastres geo-hidrológicos,60008,Gestão de risco de desastre,2015,,Presente,low,Baixo,#FF8300,1426,Santa Juliana/MG,0.22
Desastres geo-hidrológicos,60008,Gestão de risco de desastre,2015,,Presente,low,Baixo,#FF8300,4348,Santa Terezinha/PE,0.22
Desastres geo-hidrológicos,60008,Gestão de risco de desastre,2015,,Presente,low,Baixo,#FF8300,4156,São Bento/PB,0.22
Desastres geo-hidrológicos,60008,Gestão de risco de desastre,2015,,Presente,low,Baixo,#FF8300,4555,São Domingos/SE,0.22
Desastres geo-hidrológicos,60008,Gestão de risco de desastre,2015,,Presente,low,Baixo,#FF8300,3589,São Francisco de Assis do Piauí/PI,0.22
Desastres geo-hidrológicos,60008,Gestão de risco de desastre,2015,,Presente,low,Baixo,#FF8300,3363,São Francisco do Brejão/MA,0.22
Desastres geo-hidrológicos,60008,Gestão de risco de desastre,2015,,Presente,low,Baixo,#FF8300,3942,São Gonçalo do Amarante/RN,0.22
Desastres geo-hidrológicos,60008,Gestão de risco de desastre,2015,,Presente,low,Baixo,#FF8300,4162,São João do Tigre/PB,0.22
Desastres geo-hidrológicos,60008,Gestão de risco de desastre,2015,,Presente,low,Baixo,#FF8300,2290,São Joaquim da Barra/SP,0.22
Desastres geo-hidrológicos,60008,Gestão de risco de desastre,2015,,Presente,low,Baixo,#FF8300,1497,São José do Goiabal/MG,0.22
Desastres geo-hidrológicos,60008,Gestão de risco de desastre,2015,,Presente,low,Baixo,#FF8300,3601,São José do Piauí/PI,0.22
Desastres geo-hidrológicos,60008,Gestão de risco de desastre,2015,,Presente,low,Baixo,#FF8300,4477,São Luís do Quitunde/AL,0.22
Desastres geo-hidrológicos,60008,Gestão de risco de desastre,2015,,Presente,low,Baixo,#FF8300,1501,São Miguel do Anta/MG,0.22
Desastres geo-hidrológicos,60008,Gestão de risco de desastre,2015,,Presente,low,Baixo,#FF8300,4358,São Vicente Férrer/PE,0.22
Desastres geo-hidrológicos,60008,Gestão de risco de desastre,2015,,Presente,low,Baixo,#FF8300,461,Seberi/RS,0.22
Desastres geo-hidrológicos,60008,Gestão de risco de desastre,2015,,Presente,low,Baixo,#FF8300,1523,Sem-Peixe/MG,0.22
Desastres geo-hidrológicos,60008,Gestão de risco de desastre,2015,,Presente,low,Baixo,#FF8300,1525,Senador Cortes/MG,0.22
Desastres geo-hidrológicos,60008,Gestão de risco de desastre,2015,,Presente,low,Baixo,#FF8300,465,Senador Salgado Filho/RS,0.22
Desastres geo-hidrológicos,60008,Gestão de risco de desastre,2015,,Presente,low,Baixo,#FF8300,1530,Senhora do Porto/MG,0.22
Desastres geo-hidrológicos,60008,Gestão de risco de desastre,2015,,Presente,low,Baixo,#FF8300,1765,Seropédica/RJ,0.22
Desastres geo-hidrológicos,60008,Gestão de risco de desastre,2015,,Presente,low,Baixo,#FF8300,471,Sete de Setembro/RS,0.22
Desastres geo-hidrológicos,60008,Gestão de risco de desastre,2015,,Presente,low,Baixo,#FF8300,1547,Sobrália/MG,0.22
Desastres geo-hidrológicos,60008,Gestão de risco de desastre,2015,,Presente,low,Baixo,#FF8300,2320,Sud Mennucci/SP,0.22
Desastres geo-hidrológicos,60008,Gestão de risco de desastre,2015,,Presente,low,Baixo,#FF8300,3037,Tailândia/PA,0.22
Desastres geo-hidrológicos,60008,Gestão de risco de desastre,2015,,Presente,low,Baixo,#FF8300,2341,Tejupá/SP,0.22
Desastres geo-hidrológicos,60008,Gestão de risco de desastre,2015,,Presente,low,Baixo,#FF8300,5428,Tomazina/PR,0.22
Desastres geo-hidrológicos,60008,Gestão de risco de desastre,2015,,Presente,low,Baixo,#FF8300,655,Torixoréu/MT,0.22
Desastres geo-hidrológicos,60008,Gestão de risco de desastre,2015,,Presente,low,Baixo,#FF8300,2353,Turmalina/SP,0.22
Desastres geo-hidrológicos,60008,Gestão de risco de desastre,2015,,Presente,low,Baixo,#FF8300,498,Turuçu/RS,0.22
Desastres geo-hidrológicos,60008,Gestão de risco de desastre,2015,,Presente,low,Baixo,#FF8300,4198,Umbuzeiro/PB,0.22
Desastres geo-hidrológicos,60008,Gestão de risco de desastre,2015,,Presente,low,Baixo,#FF8300,2361,Urupês/SP,0.22
Desastres geo-hidrológicos,60008,Gestão de risco de desastre,2015,,Presente,low,Baixo,#FF8300,2360,Uru/SP,0.22
Desastres geo-hidrológicos,60008,Gestão de risco de desastre,2015,,Presente,low,Baixo,#FF8300,3622,Valença do Piauí/PI,0.22
Desastres geo-hidrológicos,60008,Gestão de risco de desastre,2015,,Presente,low,Baixo,#FF8300,3398,Vargem Grande/MA,0.22
Desastres geo-hidrológicos,60008,Gestão de risco de desastre,2015,,Presente,low,Baixo,#FF8300,3623,Várzea Branca/PI,0.22
Desastres geo-hidrológicos,60008,Gestão de risco de desastre,2015,,Presente,low,Baixo,#FF8300,1605,Wenceslau Braz/MG,0.22
Desastres geo-hidrológicos,60008,Gestão de risco de desastre,2015,,Presente,low,Baixo,#FF8300,2562,Witmarsum/SC,0.22
Desastres geo-hidrológicos,60008,Gestão de risco de desastre,2015,,Presente,mid,Médio,#FFCD00,759,Água Boa/MG,0.55
Desastres geo-hidrológicos,60008,Gestão de risco de desastre,2015,,Presente,mid,Médio,#FFCD00,2382,Águas Mornas/SC,0.55
Desastres geo-hidrológicos,60008,Gestão de risco de desastre,2015,,Presente,mid,Médio,#FFCD00,764,Aimorés/MG,0.55
Desastres geo-hidrológicos,60008,Gestão de risco de desastre,2015,,Presente,mid,Médio,#FFCD00,1613,Apiacá/ES,0.55
Desastres geo-hidrológicos,60008,Gestão de risco de desastre,2015,,Presente,mid,Médio,#FFCD00,1801,Apiaí/SP,0.55
Desastres geo-hidrológicos,60008,Gestão de risco de desastre,2015,,Presente,mid,Médio,#FFCD00,1861,Brodowski/SP,0.55
Desastres geo-hidrológicos,60008,Gestão de risco de desastre,2015,,Presente,mid,Médio,#FFCD00,5326,Cambará/PR,0.55
Desastres geo-hidrológicos,60008,Gestão de risco de desastre,2015,,Presente,mid,Médio,#FFCD00,2415,Camboriú/SC,0.55
Desastres geo-hidrológicos,60008,Gestão de risco de desastre,2015,,Presente,mid,Médio,#FFCD00,3446,Campinas do Piauí/PI,0.55
Desastres geo-hidrológicos,60008,Gestão de risco de desastre,2015,,Presente,mid,Médio,#FFCD00,930,Chapada do Norte/MG,0.55
Desastres geo-hidrológicos,60008,Gestão de risco de desastre,2015,,Presente,mid,Médio,#FFCD00,5335,Colombo/PR,0.55
Desastres geo-hidrológicos,60008,Gestão de risco de desastre,2015,,Presente,mid,Médio,#FFCD00,4408,Colônia Leopoldina/AL,0.55
Desastres geo-hidrológicos,60008,Gestão de risco de desastre,2015,,Presente,mid,Médio,#FFCD00,5342,Fazenda Rio Grande/PR,0.55
Desastres geo-hidrológicos,60008,Gestão de risco de desastre,2015,,Presente,mid,Médio,#FFCD00,281,Humaitá/RS,0.55
Desastres geo-hidrológicos,60008,Gestão de risco de desastre,2015,,Presente,mid,Médio,#FFCD00,4274,Ibimirim/PE,0.55
Desastres geo-hidrológicos,60008,Gestão de risco de desastre,2015,,Presente,mid,Médio,#FFCD00,4704,Ituberá/BA,0.55
Desastres geo-hidrológicos,60008,Gestão de risco de desastre,2015,,Presente,mid,Médio,#FFCD00,5360,Jacarezinho/PR,0.55
Desastres geo-hidrológicos,60008,Gestão de risco de desastre,2015,,Presente,mid,Médio,#FFCD00,1163,Joanésia/MG,0.55
Desastres geo-hidrológicos,60008,Gestão de risco de desastre,2015,,Presente,mid,Médio,#FFCD00,4305,Macaparana/PE,0.55
Desastres geo-hidrológicos,60008,Gestão de risco de desastre,2015,,Presente,mid,Médio,#FFCD00,5372,Mauá da Serra/PR,0.55
Desastres geo-hidrológicos,60008,Gestão de risco de desastre,2015,,Presente,mid,Médio,#FFCD00,2874,Oriximiná/PA,0.55
Desastres geo-hidrológicos,60008,Gestão de risco de desastre,2015,,Presente,mid,Médio,#FFCD00,4325,Pesqueira/PE,0.55
Desastres geo-hidrológicos,60008,Gestão de risco de desastre,2015,,Presente,mid,Médio,#FFCD00,5386,Piraquara/PR,0.55
Desastres geo-hidrológicos,60008,Gestão de risco de desastre,2015,,Presente,mid,Médio,#FFCD00,5407,Santa Cecília do Pavão/PR,0.55
Desastres geo-hidrológicos,60008,Gestão de risco de desastre,2015,,Presente,mid,Médio,#FFCD00,105,Santiago do Sul/SC,0.55
Desastres geo-hidrológicos,60008,Gestão de risco de desastre,2015,,Presente,mid,Médio,#FFCD00,2537,São Ludgero/SC,0.55
Desastres geo-hidrológicos,60008,Gestão de risco de desastre,2015,,Presente,mid,Médio,#FFCD00,2311,Serra Azul/SP,0.55
Desastres geo-hidrológicos,60008,Gestão de risco de desastre,2015,,Presente,mid,Médio,#FFCD00,2318,Socorro/SP,0.55
Desastres geo-hidrológicos,60008,Gestão de risco de desastre,2015,,Presente,mid,Médio,#FFCD00,2633,Tavares/RS,0.55
Desastres geo-hidrológicos,60008,Gestão de risco de desastre,2015,,Presente,mid,Médio,#FFCD00,2938,Abaetetuba/PA,0.5
Desastres geo-hidrológicos,60008,Gestão de risco de desastre,2015,,Presente,mid,Médio,#FFCD00,5310,Abatiá/PR,0.5
Desastres geo-hidrológicos,60008,Gestão de risco de desastre,2015,,Presente,mid,Médio,#FFCD00,4948,Água Boa/MT,0.5
Desastres geo-hidrológicos,60008,Gestão de risco de desastre,2015,,Presente,mid,Médio,#FFCD00,28,Águas de Chapecó/SC,0.5
Desastres geo-hidrológicos,60008,Gestão de risco de desastre,2015,,Presente,mid,Médio,#FFCD00,1783,Agudos/SP,0.5
Desastres geo-hidrológicos,60008,Gestão de risco de desastre,2015,,Presente,mid,Médio,#FFCD00,2383,Alfredo Wagner/SC,0.5
Desastres geo-hidrológicos,60008,Gestão de risco de desastre,2015,,Presente,mid,Médio,#FFCD00,5313,Almirante Tamandaré/PR,0.5
Desastres geo-hidrológicos,60008,Gestão de risco de desastre,2015,,Presente,mid,Médio,#FFCD00,5060,Altamira do Paraná/PR,0.5
Desastres geo-hidrológicos,60008,Gestão de risco de desastre,2015,,Presente,mid,Médio,#FFCD00,1789,Álvares Florence/SP,0.5
Desastres geo-hidrológicos,60008,Gestão de risco de desastre,2015,,Presente,mid,Médio,#FFCD00,4896,Álvares Machado/SP,0.5
Desastres geo-hidrológicos,60008,Gestão de risco de desastre,2015,,Presente,mid,Médio,#FFCD00,5314,Alvorada do Sul/PR,0.5
Desastres geo-hidrológicos,60008,Gestão de risco de desastre,2015,,Presente,mid,Médio,#FFCD00,1794,Américo de Campos/SP,0.5
Desastres geo-hidrológicos,60008,Gestão de risco de desastre,2015,,Presente,mid,Médio,#FFCD00,526,Anaurilândia/MS,0.5
Desastres geo-hidrológicos,60008,Gestão de risco de desastre,2015,,Presente,mid,Médio,#FFCD00,5316,Antonina/PR,0.5
Desastres geo-hidrológicos,60008,Gestão de risco de desastre,2015,,Presente,mid,Médio,#FFCD00,1799,Aparecida/SP,0.5
Desastres geo-hidrológicos,60008,Gestão de risco de desastre,2015,,Presente,mid,Médio,#FFCD00,1685,Aperibé/RJ,0.5
Desastres geo-hidrológicos,60008,Gestão de risco de desastre,2015,,Presente,mid,Médio,#FFCD00,789,Aracitaba/MG,0.5
Desastres geo-hidrológicos,60008,Gestão de risco de desastre,2015,,Presente,mid,Médio,#FFCD00,4389,Arapiraca/AL,0.5
Desastres geo-hidrológicos,60008,Gestão de risco de desastre,2015,,Presente,mid,Médio,#FFCD00,1809,Araras/SP,0.5
Desastres geo-hidrológicos,60008,Gestão de risco de desastre,2015,,Presente,mid,Médio,#FFCD00,142,Aratiba/RS,0.5
Desastres geo-hidrológicos,60008,Gestão de risco de desastre,2015,,Presente,mid,Médio,#FFCD00,5319,Araucária/PR,0.5
Desastres geo-hidrológicos,60008,Gestão de risco de desastre,2015,,Presente,mid,Médio,#FFCD00,1687,Areal/RJ,0.5
Desastres geo-hidrológicos,60008,Gestão de risco de desastre,2015,,Presente,mid,Médio,#FFCD00,802,Aricanduva/MG,0.5
Desastres geo-hidrológicos,60008,Gestão de risco de desastre,2015,,Presente,mid,Médio,#FFCD00,803,Arinos/MG,0.5
Desastres geo-hidrológicos,60008,Gestão de risco de desastre,2015,,Presente,mid,Médio,#FFCD00,5522,Ariquemes/RO,0.5
Desastres geo-hidrológicos,60008,Gestão de risco de desastre,2015,,Presente,mid,Médio,#FFCD00,1817,Aspásia/SP,0.5
Desastres geo-hidrológicos,60008,Gestão de risco de desastre,2015,,Presente,mid,Médio,#FFCD00,5320,Assaí/PR,0.5
Desastres geo-hidrológicos,60008,Gestão de risco de desastre,2015,,Presente,mid,Médio,#FFCD00,1818,Assis/SP,0.5
Desastres geo-hidrológicos,60008,Gestão de risco de desastre,2015,,Presente,mid,Médio,#FFCD00,5465,Autazes/AM,0.5
Desastres geo-hidrológicos,60008,Gestão de risco de desastre,2015,,Presente,mid,Médio,#FFCD00,1823,Avaré/SP,0.5
Desastres geo-hidrológicos,60008,Gestão de risco de desastre,2015,,Presente,mid,Médio,#FFCD00,2499,Balneário Piçarras/SC,0.5
Desastres geo-hidrológicos,60008,Gestão de risco de desastre,2015,,Presente,mid,Médio,#FFCD00,1830,Bariri/SP,0.5
Desastres geo-hidrológicos,60008,Gestão de risco de desastre,2015,,Presente,mid,Médio,#FFCD00,35,Barra Bonita/SC,0.5
Desastres geo-hidrológicos,60008,Gestão de risco de desastre,2015,,Presente,mid,Médio,#FFCD00,1832,Barra do Chapéu/SP,0.5
Desastres geo-hidrológicos,60008,Gestão de risco de desastre,2015,,Presente,mid,Médio,#FFCD00,1833,Barra do Turvo/SP,0.5
Desastres geo-hidrológicos,60008,Gestão de risco de desastre,2015,,Presente,mid,Médio,#FFCD00,3423,Barras/PI,0.5
Desastres geo-hidrológicos,60008,Gestão de risco de desastre,2015,,Presente,mid,Médio,#FFCD00,1836,Barueri/SP,0.5
Desastres geo-hidrológicos,60008,Gestão de risco de desastre,2015,,Presente,mid,Médio,#FFCD00,1839,Bauru/SP,0.5
Desastres geo-hidrológicos,60008,Gestão de risco de desastre,2015,,Presente,mid,Médio,#FFCD00,534,Bela Vista/MS,0.5
Desastres geo-hidrológicos,60008,Gestão de risco de desastre,2015,,Presente,mid,Médio,#FFCD00,1692,Belford Roxo/RJ,0.5
Desastres geo-hidrológicos,60008,Gestão de risco de desastre,2015,,Presente,mid,Médio,#FFCD00,820,Belo Oriente/MG,0.5
Desastres geo-hidrológicos,60008,Gestão de risco de desastre,2015,,Presente,mid,Médio,#FFCD00,1842,Bernardino de Campos/SP,0.5
Desastres geo-hidrológicos,60008,Gestão de risco de desastre,2015,,Presente,mid,Médio,#FFCD00,4222,Bezerros/PE,0.5
Desastres geo-hidrológicos,60008,Gestão de risco de desastre,2015,,Presente,mid,Médio,#FFCD00,5437,Bituruna/PR,0.5
Desastres geo-hidrológicos,60008,Gestão de risco de desastre,2015,,Presente,mid,Médio,#FFCD00,2404,Blumenau/SC,0.5
Desastres geo-hidrológicos,60008,Gestão de risco de desastre,2015,,Presente,mid,Médio,#FFCD00,5078,Boa Esperança do Iguaçu/PR,0.5
Desastres geo-hidrológicos,60008,Gestão de risco de desastre,2015,,Presente,mid,Médio,#FFCD00,2406,Bombinhas/SC,0.5
Desastres geo-hidrológicos,60008,Gestão de risco de desastre,2015,,Presente,mid,Médio,#FFCD00,1619,Bom Jesus do Norte/ES,0.5
Desastres geo-hidrológicos,60008,Gestão de risco de desastre,2015,,Presente,mid,Médio,#FFCD00,37,Bom Jesus/SC,0.5
Desastres geo-hidrológicos,60008,Gestão de risco de desastre,2015,,Presente,mid,Médio,#FFCD00,167,Boqueirão do Leão/RS,0.5
Desastres geo-hidrológicos,60008,Gestão de risco de desastre,2015,,Presente,mid,Médio,#FFCD00,5083,Borrazópolis/PR,0.5
Desastres geo-hidrológicos,60008,Gestão de risco de desastre,2015,,Presente,mid,Médio,#FFCD00,1857,Botucatu/SP,0.5
Desastres geo-hidrológicos,60008,Gestão de risco de desastre,2015,,Presente,mid,Médio,#FFCD00,849,Brazópolis/MG,0.5
Desastres geo-hidrológicos,60008,Gestão de risco de desastre,2015,,Presente,mid,Médio,#FFCD00,1620,Brejetuba/ES,0.5
Desastres geo-hidrológicos,60008,Gestão de risco de desastre,2015,,Presente,mid,Médio,#FFCD00,850,Brumadinho/MG,0.5
Desastres geo-hidrológicos,60008,Gestão de risco de desastre,2015,,Presente,mid,Médio,#FFCD00,851,Bueno Brandão/MG,0.5
Desastres geo-hidrológicos,60008,Gestão de risco de desastre,2015,,Presente,mid,Médio,#FFCD00,1863,Buri/SP,0.5
Desastres geo-hidrológicos,60008,Gestão de risco de desastre,2015,,Presente,mid,Médio,#FFCD00,4232,Cabo de Santo Agostinho/PE,0.5
Desastres geo-hidrológicos,60008,Gestão de risco de desastre,2015,,Presente,mid,Médio,#FFCD00,1695,Cabo Frio/RJ,0.5
Desastres geo-hidrológicos,60008,Gestão de risco de desastre,2015,,Presente,mid,Médio,#FFCD00,1866,Cabrália Paulista/SP,0.5
Desastres geo-hidrológicos,60008,Gestão de risco de desastre,2015,,Presente,mid,Médio,#FFCD00,4912,Caçador/SC,0.5
Desastres geo-hidrológicos,60008,Gestão de risco de desastre,2015,,Presente,mid,Médio,#FFCD00,1871,Cafelândia/SP,0.5
Desastres geo-hidrológicos,60008,Gestão de risco de desastre,2015,,Presente,mid,Médio,#FFCD00,1874,Cajamar/SP,0.5
Desastres geo-hidrológicos,60008,Gestão de risco de desastre,2015,,Presente,mid,Médio,#FFCD00,1875,Cajati/SP,0.5
Desastres geo-hidrológicos,60008,Gestão de risco de desastre,2015,,Presente,mid,Médio,#FFCD00,5439,Califórnia/PR,0.5
Desastres geo-hidrológicos,60008,Gestão de risco de desastre,2015,,Presente,mid,Médio,#FFCD00,683,Camacan/BA,0.5
Desastres geo-hidrológicos,60008,Gestão de risco de desastre,2015,,Presente,mid,Médio,#FFCD00,867,Camanducaia/MG,0.5
Desastres geo-hidrológicos,60008,Gestão de risco de desastre,2015,,Presente,mid,Médio,#FFCD00,179,Camaquã/RS,0.5
Desastres geo-hidrológicos,60008,Gestão de risco de desastre,2015,,Presente,mid,Médio,#FFCD00,4238,Camaragibe/PE,0.5
Desastres geo-hidrológicos,60008,Gestão de risco de desastre,2015,,Presente,mid,Médio,#FFCD00,5089,Cambira/PR,0.5
Desastres geo-hidrológicos,60008,Gestão de risco de desastre,2015,,Presente,mid,Médio,#FFCD00,1697,Cambuci/RJ,0.5
Desastres geo-hidrológicos,60008,Gestão de risco de desastre,2015,,Presente,mid,Médio,#FFCD00,5090,Campina da Lagoa/PR,0.5
Desastres geo-hidrológicos,60008,Gestão de risco de desastre,2015,,Presente,mid,Médio,#FFCD00,5327,Campina Grande do Sul/PR,0.5
Desastres geo-hidrológicos,60008,Gestão de risco de desastre,2015,,Presente,mid,Médio,#FFCD00,540,Campo Grande/MS,0.5
Desastres geo-hidrológicos,60008,Gestão de risco de desastre,2015,,Presente,mid,Médio,#FFCD00,5329,Campo Largo/PR,0.5
Desastres geo-hidrológicos,60008,Gestão de risco de desastre,2015,,Presente,mid,Médio,#FFCD00,5330,Campo Magro/PR,0.5
Desastres geo-hidrológicos,60008,Gestão de risco de desastre,2015,,Presente,mid,Médio,#FFCD00,4622,Candeias/BA,0.5
Desastres geo-hidrológicos,60008,Gestão de risco de desastre,2015,,Presente,mid,Médio,#FFCD00,1885,Cândido Mota/SP,0.5
Desastres geo-hidrológicos,60008,Gestão de risco de desastre,2015,,Presente,mid,Médio,#FFCD00,2576,Canoas/RS,0.5
Desastres geo-hidrológicos,60008,Gestão de risco de desastre,2015,,Presente,mid,Médio,#FFCD00,2420,Canoinhas/SC,0.5
Desastres geo-hidrológicos,60008,Gestão de risco de desastre,2015,,Presente,mid,Médio,#FFCD00,5474,Canutama/AM,0.5
Desastres geo-hidrológicos,60008,Gestão de risco de desastre,2015,,Presente,mid,Médio,#FFCD00,5096,Capanema/PR,0.5
Desastres geo-hidrológicos,60008,Gestão de risco de desastre,2015,,Presente,mid,Médio,#FFCD00,4928,Capão Bonito do Sul/RS,0.5
Desastres geo-hidrológicos,60008,Gestão de risco de desastre,2015,,Presente,mid,Médio,#FFCD00,887,Capelinha/MG,0.5
Desastres geo-hidrológicos,60008,Gestão de risco de desastre,2015,,Presente,mid,Médio,#FFCD00,900,Carbonita/MG,0.5
Desastres geo-hidrológicos,60008,Gestão de risco de desastre,2015,,Presente,mid,Médio,#FFCD00,901,Careaçu/MG,0.5
Desastres geo-hidrológicos,60008,Gestão de risco de desastre,2015,,Presente,mid,Médio,#FFCD00,906,Carmo de Minas/MG,0.5
Desastres geo-hidrológicos,60008,Gestão de risco de desastre,2015,,Presente,mid,Médio,#FFCD00,1894,Casa Branca/SP,0.5
Desastres geo-hidrológicos,60008,Gestão de risco de desastre,2015,,Presente,mid,Médio,#FFCD00,3668,Cascavel/CE,0.5
Desastres geo-hidrológicos,60008,Gestão de risco de desastre,2015,,Presente,mid,Médio,#FFCD00,5098,Cascavel/PR,0.5
Desastres geo-hidrológicos,60008,Gestão de risco de desastre,2015,,Presente,mid,Médio,#FFCD00,919,Cataguases/MG,0.5
Desastres geo-hidrológicos,60008,Gestão de risco de desastre,2015,,Presente,mid,Médio,#FFCD00,4248,Catende/PE,0.5
Desastres geo-hidrológicos,60008,Gestão de risco de desastre,2015,,Presente,mid,Médio,#FFCD00,924,Caxambu/MG,0.5
Desastres geo-hidrológicos,60008,Gestão de risco de desastre,2015,,Presente,mid,Médio,#FFCD00,1900,Cerquilho/SP,0.5
Desastres geo-hidrológicos,60008,Gestão de risco de desastre,2015,,Presente,mid,Médio,#FFCD00,199,Cerrito/RS,0.5
Desastres geo-hidrológicos,60008,Gestão de risco de desastre,2015,,Presente,mid,Médio,#FFCD00,1901,Cesário Lange/SP,0.5
Desastres geo-hidrológicos,60008,Gestão de risco de desastre,2015,,Presente,mid,Médio,#FFCD00,5102,Chopinzinho/PR,0.5
Desastres geo-hidrológicos,60008,Gestão de risco de desastre,2015,,Presente,mid,Médio,#FFCD00,1905,Colômbia/SP,0.5
Desastres geo-hidrológicos,60008,Gestão de risco de desastre,2015,,Presente,mid,Médio,#FFCD00,1699,Comendador Levy Gasparian/RJ,0.5
Desastres geo-hidrológicos,60008,Gestão de risco de desastre,2015,,Presente,mid,Médio,#FFCD00,947,Conceição do Rio Verde/MG,0.5
Desastres geo-hidrológicos,60008,Gestão de risco de desastre,2015,,Presente,mid,Médio,#FFCD00,955,Conselheiro Lafaiete/MG,0.5
Desastres geo-hidrológicos,60008,Gestão de risco de desastre,2015,,Presente,mid,Médio,#FFCD00,1909,Coroados/SP,0.5
Desastres geo-hidrológicos,60008,Gestão de risco de desastre,2015,,Presente,mid,Médio,#FFCD00,966,Coronel Fabriciano/MG,0.5
Desastres geo-hidrológicos,60008,Gestão de risco de desastre,2015,,Presente,mid,Médio,#FFCD00,4253,Correntes/PE,0.5
Desastres geo-hidrológicos,60008,Gestão de risco de desastre,2015,,Presente,mid,Médio,#FFCD00,1911,Corumbataí/SP,0.5
Desastres geo-hidrológicos,60008,Gestão de risco de desastre,2015,,Presente,mid,Médio,#FFCD00,1914,Cotia/SP,0.5
Desastres geo-hidrológicos,60008,Gestão de risco de desastre,2015,,Presente,mid,Médio,#FFCD00,223,Cristal/RS,0.5
Desastres geo-hidrológicos,60008,Gestão de risco de desastre,2015,,Presente,mid,Médio,#FFCD00,980,Crucilândia/MG,0.5
Desastres geo-hidrológicos,60008,Gestão de risco de desastre,2015,,Presente,mid,Médio,#FFCD00,5111,Cruzeiro do Iguaçu/PR,0.5
Desastres geo-hidrológicos,60008,Gestão de risco de desastre,2015,,Presente,mid,Médio,#FFCD00,5112,Cruzeiro do Oeste/PR,0.5
Desastres geo-hidrológicos,60008,Gestão de risco de desastre,2015,,Presente,mid,Médio,#FFCD00,5442,Cruz Machado/PR,0.5
Desastres geo-hidrológicos,60008,Gestão de risco de desastre,2015,,Presente,mid,Médio,#FFCD00,1920,Cunha/SP,0.5
Desastres geo-hidrológicos,60008,Gestão de risco de desastre,2015,,Presente,mid,Médio,#FFCD00,996,Divinésia/MG,0.5
Desastres geo-hidrológicos,60008,Gestão de risco de desastre,2015,,Presente,mid,Médio,#FFCD00,1627,Divino de São Lourenço/ES,0.5
Desastres geo-hidrológicos,60008,Gestão de risco de desastre,2015,,Presente,mid,Médio,#FFCD00,1003,Divisópolis/MG,0.5
Desastres geo-hidrológicos,60008,Gestão de risco de desastre,2015,,Presente,mid,Médio,#FFCD00,5117,Dois Vizinhos/PR,0.5
Desastres geo-hidrológicos,60008,Gestão de risco de desastre,2015,,Presente,mid,Médio,#FFCD00,235,Dom Pedrito/RS,0.5
Desastres geo-hidrológicos,60008,Gestão de risco de desastre,2015,,Presente,mid,Médio,#FFCD00,236,Dona Francisca/RS,0.5
Desastres geo-hidrológicos,60008,Gestão de risco de desastre,2015,,Presente,mid,Médio,#FFCD00,237,Doutor Maurício Cardoso/RS,0.5
Desastres geo-hidrológicos,60008,Gestão de risco de desastre,2015,,Presente,mid,Médio,#FFCD00,5434,Doutor Ulysses/PR,0.5
Desastres geo-hidrológicos,60008,Gestão de risco de desastre,2015,,Presente,mid,Médio,#FFCD00,1707,Duas Barras/RJ,0.5
Desastres geo-hidrológicos,60008,Gestão de risco de desastre,2015,,Presente,mid,Médio,#FFCD00,1630,Ecoporanga/ES,0.5
Desastres geo-hidrológicos,60008,Gestão de risco de desastre,2015,,Presente,mid,Médio,#FFCD00,1932,Eldorado/SP,0.5
Desastres geo-hidrológicos,60008,Gestão de risco de desastre,2015,,Presente,mid,Médio,#FFCD00,1934,Elisiário/SP,0.5
Desastres geo-hidrológicos,60008,Gestão de risco de desastre,2015,,Presente,mid,Médio,#FFCD00,1937,Embu-Guaçu/SP,0.5
Desastres geo-hidrológicos,60008,Gestão de risco de desastre,2015,,Presente,mid,Médio,#FFCD00,1938,Engenheiro Coelho/SP,0.5
Desastres geo-hidrológicos,60008,Gestão de risco de desastre,2015,,Presente,mid,Médio,#FFCD00,2827,Epitaciolândia/AC,0.5
Desastres geo-hidrológicos,60008,Gestão de risco de desastre,2015,,Presente,mid,Médio,#FFCD00,1022,Ervália/MG,0.5
Desastres geo-hidrológicos,60008,Gestão de risco de desastre,2015,,Presente,mid,Médio,#FFCD00,1024,Espera Feliz/MG,0.5
Desastres geo-hidrológicos,60008,Gestão de risco de desastre,2015,,Presente,mid,Médio,#FFCD00,1032,Ewbank da Câmara/MG,0.5
Desastres geo-hidrológicos,60008,Gestão de risco de desastre,2015,,Presente,mid,Médio,#FFCD00,5126,Fênix/PR,0.5
Desastres geo-hidrológicos,60008,Gestão de risco de desastre,2015,,Presente,mid,Médio,#FFCD00,1040,Fernandes Tourinho/MG,0.5
Desastres geo-hidrológicos,60008,Gestão de risco de desastre,2015,,Presente,mid,Médio,#FFCD00,5344,Figueira/PR,0.5
Desastres geo-hidrológicos,60008,Gestão de risco de desastre,2015,,Presente,mid,Médio,#FFCD00,55,Flor do Sertão/SC,0.5
Desastres geo-hidrológicos,60008,Gestão de risco de desastre,2015,,Presente,mid,Médio,#FFCD00,5129,Floresta/PR,0.5
Desastres geo-hidrológicos,60008,Gestão de risco de desastre,2015,,Presente,mid,Médio,#FFCD00,1050,Francisco Sá/MG,0.5
Desastres geo-hidrológicos,60008,Gestão de risco de desastre,2015,,Presente,mid,Médio,#FFCD00,1952,Franco da Rocha/SP,0.5
Desastres geo-hidrológicos,60008,Gestão de risco de desastre,2015,,Presente,mid,Médio,#FFCD00,1631,Fundão/ES,0.5
Desastres geo-hidrológicos,60008,Gestão de risco de desastre,2015,,Presente,mid,Médio,#FFCD00,57,Galvão/SC,0.5
Desastres geo-hidrológicos,60008,Gestão de risco de desastre,2015,,Presente,mid,Médio,#FFCD00,2436,Garopaba/SC,0.5
Desastres geo-hidrológicos,60008,Gestão de risco de desastre,2015,,Presente,mid,Médio,#FFCD00,2437,Garuva/SC,0.5
Desastres geo-hidrológicos,60008,Gestão de risco de desastre,2015,,Presente,mid,Médio,#FFCD00,5446,General Carneiro/PR,0.5
Desastres geo-hidrológicos,60008,Gestão de risco de desastre,2015,,Presente,mid,Médio,#FFCD00,1958,General Salgado/SP,0.5
Desastres geo-hidrológicos,60008,Gestão de risco de desastre,2015,,Presente,mid,Médio,#FFCD00,4270,Goiana/PE,0.5
Desastres geo-hidrológicos,60008,Gestão de risco de desastre,2015,,Presente,mid,Médio,#FFCD00,1067,Gouveia/MG,0.5
Desastres geo-hidrológicos,60008,Gestão de risco de desastre,2015,,Presente,mid,Médio,#FFCD00,1961,Guaiçara/SP,0.5
Desastres geo-hidrológicos,60008,Gestão de risco de desastre,2015,,Presente,mid,Médio,#FFCD00,3861,Guamaré/RN,0.5
Desastres geo-hidrológicos,60008,Gestão de risco de desastre,2015,,Presente,mid,Médio,#FFCD00,1073,Guaraciaba/MG,0.5
Desastres geo-hidrológicos,60008,Gestão de risco de desastre,2015,,Presente,mid,Médio,#FFCD00,5142,Guaraniaçu/PR,0.5
Desastres geo-hidrológicos,60008,Gestão de risco de desastre,2015,,Presente,mid,Médio,#FFCD00,1634,Guarapari/ES,0.5
Desastres geo-hidrológicos,60008,Gestão de risco de desastre,2015,,Presente,mid,Médio,#FFCD00,5347,Guaraqueçaba/PR,0.5
Desastres geo-hidrológicos,60008,Gestão de risco de desastre,2015,,Presente,mid,Médio,#FFCD00,1972,Guaratinguetá/SP,0.5
Desastres geo-hidrológicos,60008,Gestão de risco de desastre,2015,,Presente,mid,Médio,#FFCD00,5348,Guaratuba/PR,0.5
Desastres geo-hidrológicos,60008,Gestão de risco de desastre,2015,,Presente,mid,Médio,#FFCD00,1974,Guariba/SP,0.5
Desastres geo-hidrológicos,60008,Gestão de risco de desastre,2015,,Presente,mid,Médio,#FFCD00,1975,Guarujá/SP,0.5
Desastres geo-hidrológicos,60008,Gestão de risco de desastre,2015,,Presente,mid,Médio,#FFCD00,247,Herval/RS,0.5
Desastres geo-hidrológicos,60008,Gestão de risco de desastre,2015,,Presente,mid,Médio,#FFCD00,3272,Humberto de Campos/MA,0.5
Desastres geo-hidrológicos,60008,Gestão de risco de desastre,2015,,Presente,mid,Médio,#FFCD00,4419,Ibateguara/AL,0.5
Desastres geo-hidrológicos,60008,Gestão de risco de desastre,2015,,Presente,mid,Médio,#FFCD00,5350,Ibiporã/PR,0.5
Desastres geo-hidrológicos,60008,Gestão de risco de desastre,2015,,Presente,mid,Médio,#FFCD00,1986,Ibirá/SP,0.5
Desastres geo-hidrológicos,60008,Gestão de risco de desastre,2015,,Presente,mid,Médio,#FFCD00,1091,Ibirité/MG,0.5
Desastres geo-hidrológicos,60008,Gestão de risco de desastre,2015,,Presente,mid,Médio,#FFCD00,1093,Ibituruna/MG,0.5
Desastres geo-hidrológicos,60008,Gestão de risco de desastre,2015,,Presente,mid,Médio,#FFCD00,1094,Icaraí de Minas/MG,0.5
Desastres geo-hidrológicos,60008,Gestão de risco de desastre,2015,,Presente,mid,Médio,#FFCD00,4276,Igarassu/PE,0.5
Desastres geo-hidrológicos,60008,Gestão de risco de desastre,2015,,Presente,mid,Médio,#FFCD00,1995,Iguape/SP,0.5
Desastres geo-hidrológicos,60008,Gestão de risco de desastre,2015,,Presente,mid,Médio,#FFCD00,558,Iguatemi/MS,0.5
Desastres geo-hidrológicos,60008,Gestão de risco de desastre,2015,,Presente,mid,Médio,#FFCD00,1997,Ilha Comprida/SP,0.5
Desastres geo-hidrológicos,60008,Gestão de risco de desastre,2015,,Presente,mid,Médio,#FFCD00,5352,Imbituva/PR,0.5
Desastres geo-hidrológicos,60008,Gestão de risco de desastre,2015,,Presente,mid,Médio,#FFCD00,5353,Inácio Martins/PR,0.5
Desastres geo-hidrológicos,60008,Gestão de risco de desastre,2015,,Presente,mid,Médio,#FFCD00,5149,Indianópolis/PR,0.5
Desastres geo-hidrológicos,60008,Gestão de risco de desastre,2015,,Presente,mid,Médio,#FFCD00,2001,Inúbia Paulista/SP,0.5
Desastres geo-hidrológicos,60008,Gestão de risco de desastre,2015,,Presente,mid,Médio,#FFCD00,62,Iporã do Oeste/SC,0.5
Desastres geo-hidrológicos,60008,Gestão de risco de desastre,2015,,Presente,mid,Médio,#FFCD00,2006,Iporanga/SP,0.5
Desastres geo-hidrológicos,60008,Gestão de risco de desastre,2015,,Presente,mid,Médio,#FFCD00,2007,Ipuã/SP,0.5
Desastres geo-hidrológicos,60008,Gestão de risco de desastre,2015,,Presente,mid,Médio,#FFCD00,5486,Iranduba/AM,0.5
Desastres geo-hidrológicos,60008,Gestão de risco de desastre,2015,,Presente,mid,Médio,#FFCD00,2009,Irapuã/SP,0.5
Desastres geo-hidrológicos,60008,Gestão de risco de desastre,2015,,Presente,mid,Médio,#FFCD00,5152,Iretama/PR,0.5
Desastres geo-hidrológicos,60008,Gestão de risco de desastre,2015,,Presente,mid,Médio,#FFCD00,4517,Itabi/SE,0.5
Desastres geo-hidrológicos,60008,Gestão de risco de desastre,2015,,Presente,mid,Médio,#FFCD00,3107,Itacajá/TO,0.5
Desastres geo-hidrológicos,60008,Gestão de risco de desastre,2015,,Presente,mid,Médio,#FFCD00,5153,Itaguajé/PR,0.5
Desastres geo-hidrológicos,60008,Gestão de risco de desastre,2015,,Presente,mid,Médio,#FFCD00,1119,Itaguara/MG,0.5
Desastres geo-hidrológicos,60008,Gestão de risco de desastre,2015,,Presente,mid,Médio,#FFCD00,2011,Itaí/SP,0.5
Desastres geo-hidrológicos,60008,Gestão de risco de desastre,2015,,Presente,mid,Médio,#FFCD00,2012,Itajobi/SP,0.5
Desastres geo-hidrológicos,60008,Gestão de risco de desastre,2015,,Presente,mid,Médio,#FFCD00,1128,Itanhandu/MG,0.5
Desastres geo-hidrológicos,60008,Gestão de risco de desastre,2015,,Presente,mid,Médio,#FFCD00,2017,Itapetininga/SP,0.5
Desastres geo-hidrológicos,60008,Gestão de risco de desastre,2015,,Presente,mid,Médio,#FFCD00,2018,Itapeva/SP,0.5
Desastres geo-hidrológicos,60008,Gestão de risco de desastre,2015,,Presente,mid,Médio,#FFCD00,2021,Itapirapuã Paulista/SP,0.5
Desastres geo-hidrológicos,60008,Gestão de risco de desastre,2015,,Presente,mid,Médio,#FFCD00,2020,Itapira/SP,0.5
Desastres geo-hidrológicos,60008,Gestão de risco de desastre,2015,,Presente,mid,Médio,#FFCD00,1642,Itarana/ES,0.5
Desastres geo-hidrológicos,60008,Gestão de risco de desastre,2015,,Presente,mid,Médio,#FFCD00,2026,Itararé/SP,0.5
Desastres geo-hidrológicos,60008,Gestão de risco de desastre,2015,,Presente,mid,Médio,#FFCD00,298,Itatiba do Sul/RS,0.5
Desastres geo-hidrológicos,60008,Gestão de risco de desastre,2015,,Presente,mid,Médio,#FFCD00,5157,Itaúna do Sul/PR,0.5
Desastres geo-hidrológicos,60008,Gestão de risco de desastre,2015,,Presente,mid,Médio,#FFCD00,2030,Itirapina/SP,0.5
Desastres geo-hidrológicos,60008,Gestão de risco de desastre,2015,,Presente,mid,Médio,#FFCD00,2031,Itirapuã/SP,0.5
Desastres geo-hidrológicos,60008,Gestão de risco de desastre,2015,,Presente,mid,Médio,#FFCD00,4706,Jaguaquara/BA,0.5
Desastres geo-hidrológicos,60008,Gestão de risco de desastre,2015,,Presente,mid,Médio,#FFCD00,303,Jaguarão/RS,0.5
Desastres geo-hidrológicos,60008,Gestão de risco de desastre,2015,,Presente,mid,Médio,#FFCD00,5361,Jaguariaíva/PR,0.5
Desastres geo-hidrológicos,60008,Gestão de risco de desastre,2015,,Presente,mid,Médio,#FFCD00,2460,Jaguaruna/SC,0.5
Desastres geo-hidrológicos,60008,Gestão de risco de desastre,2015,,Presente,mid,Médio,#FFCD00,1149,Jaíba/MG,0.5
Desastres geo-hidrológicos,60008,Gestão de risco de desastre,2015,,Presente,mid,Médio,#FFCD00,2042,Jales/SP,0.5
Desastres geo-hidrológicos,60008,Gestão de risco de desastre,2015,,Presente,mid,Médio,#FFCD00,5165,Jardim Olinda/PR,0.5
Desastres geo-hidrológicos,60008,Gestão de risco de desastre,2015,,Presente,mid,Médio,#FFCD00,5363,Jataizinho/PR,0.5
Desastres geo-hidrológicos,60008,Gestão de risco de desastre,2015,,Presente,mid,Médio,#FFCD00,1155,Jeceaba/MG,0.5
Desastres geo-hidrológicos,60008,Gestão de risco de desastre,2015,,Presente,mid,Médio,#FFCD00,72,Joaçaba/SC,0.5
Desastres geo-hidrológicos,60008,Gestão de risco de desastre,2015,,Presente,mid,Médio,#FFCD00,1646,João Neiva/ES,0.5
Desastres geo-hidrológicos,60008,Gestão de risco de desastre,2015,,Presente,mid,Médio,#FFCD00,1165,João Pinheiro/MG,0.5
Desastres geo-hidrológicos,60008,Gestão de risco de desastre,2015,,Presente,mid,Médio,#FFCD00,1173,Juiz de Fora/MG,0.5
Desastres geo-hidrológicos,60008,Gestão de risco de desastre,2015,,Presente,mid,Médio,#FFCD00,2056,Juquitiba/SP,0.5
Desastres geo-hidrológicos,60008,Gestão de risco de desastre,2015,,Presente,mid,Médio,#FFCD00,2057,Lagoinha/SP,0.5
Desastres geo-hidrológicos,60008,Gestão de risco de desastre,2015,,Presente,mid,Médio,#FFCD00,311,Lajeado/RS,0.5
Desastres geo-hidrológicos,60008,Gestão de risco de desastre,2015,,Presente,mid,Médio,#FFCD00,1719,Laje do Muriaé/RJ,0.5
Desastres geo-hidrológicos,60008,Gestão de risco de desastre,2015,,Presente,mid,Médio,#FFCD00,5366,Lapa/PR,0.5
Desastres geo-hidrológicos,60008,Gestão de risco de desastre,2015,,Presente,mid,Médio,#FFCD00,5170,Laranjal/PR,0.5
Desastres geo-hidrológicos,60008,Gestão de risco de desastre,2015,,Presente,mid,Médio,#FFCD00,2062,Lençóis Paulista/SP,0.5
Desastres geo-hidrológicos,60008,Gestão de risco de desastre,2015,,Presente,mid,Médio,#FFCD00,5172,Lidianópolis/PR,0.5
Desastres geo-hidrológicos,60008,Gestão de risco de desastre,2015,,Presente,mid,Médio,#FFCD00,4432,Limoeiro de Anadia/AL,0.5
Desastres geo-hidrológicos,60008,Gestão de risco de desastre,2015,,Presente,mid,Médio,#FFCD00,5368,Londrina/PR,0.5
Desastres geo-hidrológicos,60008,Gestão de risco de desastre,2015,,Presente,mid,Médio,#FFCD00,2068,Louveira/SP,0.5
Desastres geo-hidrológicos,60008,Gestão de risco de desastre,2015,,Presente,mid,Médio,#FFCD00,5178,Lupionópolis/PR,0.5
Desastres geo-hidrológicos,60008,Gestão de risco de desastre,2015,,Presente,mid,Médio,#FFCD00,1721,Macuco/RJ,0.5
Desastres geo-hidrológicos,60008,Gestão de risco de desastre,2015,,Presente,mid,Médio,#FFCD00,3730,Madalena/CE,0.5
Desastres geo-hidrológicos,60008,Gestão de risco de desastre,2015,,Presente,mid,Médio,#FFCD00,724,Maetinga/BA,0.5
Desastres geo-hidrológicos,60008,Gestão de risco de desastre,2015,,Presente,mid,Médio,#FFCD00,2078,Magda/SP,0.5
Desastres geo-hidrológicos,60008,Gestão de risco de desastre,2015,,Presente,mid,Médio,#FFCD00,1722,Magé/RJ,0.5
Desastres geo-hidrológicos,60008,Gestão de risco de desastre,2015,,Presente,mid,Médio,#FFCD00,2079,Mairinque/SP,0.5
Desastres geo-hidrológicos,60008,Gestão de risco de desastre,2015,,Presente,mid,Médio,#FFCD00,2473,Major Gercino/SC,0.5
Desastres geo-hidrológicos,60008,Gestão de risco de desastre,2015,,Presente,mid,Médio,#FFCD00,1204,Malacacheta/MG,0.5
Desastres geo-hidrológicos,60008,Gestão de risco de desastre,2015,,Presente,mid,Médio,#FFCD00,5369,Mallet/PR,0.5
Desastres geo-hidrológicos,60008,Gestão de risco de desastre,2015,,Presente,mid,Médio,#FFCD00,5183,Mangueirinha/PR,0.5
Desastres geo-hidrológicos,60008,Gestão de risco de desastre,2015,,Presente,mid,Médio,#FFCD00,5184,Manoel Ribas/PR,0.5
Desastres geo-hidrológicos,60008,Gestão de risco de desastre,2015,,Presente,mid,Médio,#FFCD00,1650,Marataízes/ES,0.5
Desastres geo-hidrológicos,60008,Gestão de risco de desastre,2015,,Presente,mid,Médio,#FFCD00,5185,Marechal Cândido Rondon/PR,0.5
Desastres geo-hidrológicos,60008,Gestão de risco de desastre,2015,,Presente,mid,Médio,#FFCD00,1651,Marechal Floriano/ES,0.5
Desastres geo-hidrológicos,60008,Gestão de risco de desastre,2015,,Presente,mid,Médio,#FFCD00,2084,Mariápolis/SP,0.5
Desastres geo-hidrológicos,60008,Gestão de risco de desastre,2015,,Presente,mid,Médio,#FFCD00,5189,Mariluz/PR,0.5
Desastres geo-hidrológicos,60008,Gestão de risco de desastre,2015,,Presente,mid,Médio,#FFCD00,5190,Maringá/PR,0.5
Desastres geo-hidrológicos,60008,Gestão de risco de desastre,2015,,Presente,mid,Médio,#FFCD00,5191,Mariópolis/PR,0.5
Desastres geo-hidrológicos,60008,Gestão de risco de desastre,2015,,Presente,mid,Médio,#FFCD00,5193,Marmeleiro/PR,0.5
Desastres geo-hidrológicos,60008,Gestão de risco de desastre,2015,,Presente,mid,Médio,#FFCD00,2087,Martinópolis/SP,0.5
Desastres geo-hidrológicos,60008,Gestão de risco de desastre,2015,,Presente,mid,Médio,#FFCD00,2088,Matão/SP,0.5
Desastres geo-hidrológicos,60008,Gestão de risco de desastre,2015,,Presente,mid,Médio,#FFCD00,3529,Matias Olímpio/PI,0.5
Desastres geo-hidrológicos,60008,Gestão de risco de desastre,2015,,Presente,mid,Médio,#FFCD00,5371,Matinhos/PR,0.5
Desastres geo-hidrológicos,60008,Gestão de risco de desastre,2015,,Presente,mid,Médio,#FFCD00,1228,Matozinhos/MG,0.5
Desastres geo-hidrológicos,60008,Gestão de risco de desastre,2015,,Presente,mid,Médio,#FFCD00,1725,Mendes/RJ,0.5
Desastres geo-hidrológicos,60008,Gestão de risco de desastre,2015,,Presente,mid,Médio,#FFCD00,1233,Mercês/MG,0.5
Desastres geo-hidrológicos,60008,Gestão de risco de desastre,2015,,Presente,mid,Médio,#FFCD00,1726,Mesquita/RJ,0.5
Desastres geo-hidrológicos,60008,Gestão de risco de desastre,2015,,Presente,mid,Médio,#FFCD00,1727,Miguel Pereira/RJ,0.5
Desastres geo-hidrológicos,60008,Gestão de risco de desastre,2015,,Presente,mid,Médio,#FFCD00,1235,Minas Novas/MG,0.5
Desastres geo-hidrológicos,60008,Gestão de risco de desastre,2015,,Presente,mid,Médio,#FFCD00,1728,Miracema/RJ,0.5
Desastres geo-hidrológicos,60008,Gestão de risco de desastre,2015,,Presente,mid,Médio,#FFCD00,1238,Miradouro/MG,0.5
Desastres geo-hidrológicos,60008,Gestão de risco de desastre,2015,,Presente,mid,Médio,#FFCD00,1239,Miraí/MG,0.5
Desastres geo-hidrológicos,60008,Gestão de risco de desastre,2015,,Presente,mid,Médio,#FFCD00,5201,Miraselva/PR,0.5
Desastres geo-hidrológicos,60008,Gestão de risco de desastre,2015,,Presente,mid,Médio,#FFCD00,2102,Mogi Guaçu/SP,0.5
Desastres geo-hidrológicos,60008,Gestão de risco de desastre,2015,,Presente,mid,Médio,#FFCD00,2104,Mombuca/SP,0.5
Desastres geo-hidrológicos,60008,Gestão de risco de desastre,2015,,Presente,mid,Médio,#FFCD00,2106,Mongaguá/SP,0.5
Desastres geo-hidrológicos,60008,Gestão de risco de desastre,2015,,Presente,mid,Médio,#FFCD00,331,Montauri/RS,0.5
Desastres geo-hidrológicos,60008,Gestão de risco de desastre,2015,,Presente,mid,Médio,#FFCD00,8,Monte Castelo/SP,0.5
Desastres geo-hidrológicos,60008,Gestão de risco de desastre,2015,,Presente,mid,Médio,#FFCD00,2111,Monteiro Lobato/SP,0.5
Desastres geo-hidrológicos,60008,Gestão de risco de desastre,2015,,Presente,mid,Médio,#FFCD00,5373,Morretes/PR,0.5
Desastres geo-hidrológicos,60008,Gestão de risco de desastre,2015,,Presente,mid,Médio,#FFCD00,3746,Morrinhos/CE,0.5
Desastres geo-hidrológicos,60008,Gestão de risco de desastre,2015,,Presente,mid,Médio,#FFCD00,3748,Mulungu/CE,0.5
Desastres geo-hidrológicos,60008,Gestão de risco de desastre,2015,,Presente,mid,Médio,#FFCD00,4749,Muquém do São Francisco/BA,0.5
Desastres geo-hidrológicos,60008,Gestão de risco de desastre,2015,,Presente,mid,Médio,#FFCD00,1259,Muriaé/MG,0.5
Desastres geo-hidrológicos,60008,Gestão de risco de desastre,2015,,Presente,mid,Médio,#FFCD00,4752,Nazaré/BA,0.5
Desastres geo-hidrológicos,60008,Gestão de risco de desastre,2015,,Presente,mid,Médio,#FFCD00,5500,Nhamundá/AM,0.5
Desastres geo-hidrológicos,60008,Gestão de risco de desastre,2015,,Presente,mid,Médio,#FFCD00,3310,Nina Rodrigues/MA,0.5
Desastres geo-hidrológicos,60008,Gestão de risco de desastre,2015,,Presente,mid,Médio,#FFCD00,574,Nioaque/MS,0.5
Desastres geo-hidrológicos,60008,Gestão de risco de desastre,2015,,Presente,mid,Médio,#FFCD00,4535,Nossa Senhora do Socorro/SE,0.5
Desastres geo-hidrológicos,60008,Gestão de risco de desastre,2015,,Presente,mid,Médio,#FFCD00,5374,Nova América da Colina/PR,0.5
Desastres geo-hidrológicos,60008,Gestão de risco de desastre,2015,,Presente,mid,Médio,#FFCD00,5208,Nova Cantu/PR,0.5
Desastres geo-hidrológicos,60008,Gestão de risco de desastre,2015,,Presente,mid,Médio,#FFCD00,2126,Nova Castilho/SP,0.5
Desastres geo-hidrológicos,60008,Gestão de risco de desastre,2015,,Presente,mid,Médio,#FFCD00,2996,Nova Ipixuna/PA,0.5
Desastres geo-hidrológicos,60008,Gestão de risco de desastre,2015,,Presente,mid,Médio,#FFCD00,5212,Nova Londrina/PR,0.5
Desastres geo-hidrológicos,60008,Gestão de risco de desastre,2015,,Presente,mid,Médio,#FFCD00,5215,Nova Prata do Iguaçu/PR,0.5
Desastres geo-hidrológicos,60008,Gestão de risco de desastre,2015,,Presente,mid,Médio,#FFCD00,5376,Nova Santa Bárbara/PR,0.5
Desastres geo-hidrológicos,60008,Gestão de risco de desastre,2015,,Presente,mid,Médio,#FFCD00,5214,Nova Santa Rosa/PR,0.5
Desastres geo-hidrológicos,60008,Gestão de risco de desastre,2015,,Presente,mid,Médio,#FFCD00,1277,Nova Serrana/MG,0.5
Desastres geo-hidrológicos,60008,Gestão de risco de desastre,2015,,Presente,mid,Médio,#FFCD00,5216,Nova Tebas/PR,0.5
Desastres geo-hidrológicos,60008,Gestão de risco de desastre,2015,,Presente,mid,Médio,#FFCD00,2761,Novo Gama/GO,0.5
Desastres geo-hidrológicos,60008,Gestão de risco de desastre,2015,,Presente,mid,Médio,#FFCD00,2873,Óbidos/PA,0.5
Desastres geo-hidrológicos,60008,Gestão de risco de desastre,2015,,Presente,mid,Médio,#FFCD00,4447,Olho d'Água das Flores/AL,0.5
Desastres geo-hidrológicos,60008,Gestão de risco de desastre,2015,,Presente,mid,Médio,#FFCD00,2143,Osvaldo Cruz/SP,0.5
Desastres geo-hidrológicos,60008,Gestão de risco de desastre,2015,,Presente,mid,Médio,#FFCD00,3000,Ourém/PA,0.5
Desastres geo-hidrológicos,60008,Gestão de risco de desastre,2015,,Presente,mid,Médio,#FFCD00,5219,Ouro Verde do Oeste/PR,0.5
Desastres geo-hidrológicos,60008,Gestão de risco de desastre,2015,,Presente,mid,Médio,#FFCD00,3755,Pacatuba/CE,0.5
Desastres geo-hidrológicos,60008,Gestão de risco de desastre,2015,,Presente,mid,Médio,#FFCD00,5220,Paiçandu/PR,0.5
Desastres geo-hidrológicos,60008,Gestão de risco de desastre,2015,,Presente,mid,Médio,#FFCD00,2149,Palmeira d'Oeste/SP,0.5
Desastres geo-hidrológicos,60008,Gestão de risco de desastre,2015,,Presente,mid,Médio,#FFCD00,4453,Palmeira dos Índios/AL,0.5
Desastres geo-hidrológicos,60008,Gestão de risco de desastre,2015,,Presente,mid,Médio,#FFCD00,359,Pantano Grande/RS,0.5
Desastres geo-hidrológicos,60008,Gestão de risco de desastre,2015,,Presente,mid,Médio,#FFCD00,1734,Paracambi/RJ,0.5
Desastres geo-hidrológicos,60008,Gestão de risco de desastre,2015,,Presente,mid,Médio,#FFCD00,2151,Paraguaçu Paulista/SP,0.5
Desastres geo-hidrológicos,60008,Gestão de risco de desastre,2015,,Presente,mid,Médio,#FFCD00,5224,Paraíso do Norte/PR,0.5
Desastres geo-hidrológicos,60008,Gestão de risco de desastre,2015,,Presente,mid,Médio,#FFCD00,5227,Paranavaí/PR,0.5
Desastres geo-hidrológicos,60008,Gestão de risco de desastre,2015,,Presente,mid,Médio,#FFCD00,4768,Paratinga/BA,0.5
Desastres geo-hidrológicos,60008,Gestão de risco de desastre,2015,,Presente,mid,Médio,#FFCD00,1736,Paraty/RJ,0.5
Desastres geo-hidrológicos,60008,Gestão de risco de desastre,2015,,Presente,mid,Médio,#FFCD00,5504,Parintins/AM,0.5
Desastres geo-hidrológicos,60008,Gestão de risco de desastre,2015,,Presente,mid,Médio,#FFCD00,4456,Paripueira/AL,0.5
Desastres geo-hidrológicos,60008,Gestão de risco de desastre,2015,,Presente,mid,Médio,#FFCD00,3910,Passa e Fica/RN,0.5
Desastres geo-hidrológicos,60008,Gestão de risco de desastre,2015,,Presente,mid,Médio,#FFCD00,4113,Passagem/PB,0.5
Desastres geo-hidrológicos,60008,Gestão de risco de desastre,2015,,Presente,mid,Médio,#FFCD00,5229,Pato Branco/PR,0.5
Desastres geo-hidrológicos,60008,Gestão de risco de desastre,2015,,Presente,mid,Médio,#FFCD00,1737,Paty do Alferes/RJ,0.5
Desastres geo-hidrológicos,60008,Gestão de risco de desastre,2015,,Presente,mid,Médio,#FFCD00,5380,Paula Freitas/PR,0.5
Desastres geo-hidrológicos,60008,Gestão de risco de desastre,2015,,Presente,mid,Médio,#FFCD00,2161,Paulínia/SP,0.5
Desastres geo-hidrológicos,60008,Gestão de risco de desastre,2015,,Presente,mid,Médio,#FFCD00,2163,Paulo de Faria/SP,0.5
Desastres geo-hidrológicos,60008,Gestão de risco de desastre,2015,,Presente,mid,Médio,#FFCD00,2165,Pedra Bela/SP,0.5
Desastres geo-hidrológicos,60008,Gestão de risco de desastre,2015,,Presente,mid,Médio,#FFCD00,2885,Pedra Branca do Amapari/AP,0.5
Desastres geo-hidrológicos,60008,Gestão de risco de desastre,2015,,Presente,mid,Médio,#FFCD00,2168,Pedreira/SP,0.5
Desastres geo-hidrológicos,60008,Gestão de risco de desastre,2015,,Presente,mid,Médio,#FFCD00,1660,Pedro Canário/ES,0.5
Desastres geo-hidrológicos,60008,Gestão de risco de desastre,2015,,Presente,mid,Médio,#FFCD00,2170,Pedro de Toledo/SP,0.5
Desastres geo-hidrológicos,60008,Gestão de risco de desastre,2015,,Presente,mid,Médio,#FFCD00,2496,Penha/SC,0.5
Desastres geo-hidrológicos,60008,Gestão de risco de desastre,2015,,Presente,mid,Médio,#FFCD00,1334,Perdões/MG,0.5
Desastres geo-hidrológicos,60008,Gestão de risco de desastre,2015,,Presente,mid,Médio,#FFCD00,1335,Periquito/MG,0.5
Desastres geo-hidrológicos,60008,Gestão de risco de desastre,2015,,Presente,mid,Médio,#FFCD00,5232,Pérola/PR,0.5
Desastres geo-hidrológicos,60008,Gestão de risco de desastre,2015,,Presente,mid,Médio,#FFCD00,2174,Peruíbe/SP,0.5
Desastres geo-hidrológicos,60008,Gestão de risco de desastre,2015,,Presente,mid,Médio,#FFCD00,1738,Petrópolis/RJ,0.5
Desastres geo-hidrológicos,60008,Gestão de risco de desastre,2015,,Presente,mid,Médio,#FFCD00,2175,Piacatu/SP,0.5
Desastres geo-hidrológicos,60008,Gestão de risco de desastre,2015,,Presente,mid,Médio,#FFCD00,5384,Pinhalão/PR,0.5
Desastres geo-hidrológicos,60008,Gestão de risco de desastre,2015,,Presente,mid,Médio,#FFCD00,2180,Pinhalzinho/SP,0.5
Desastres geo-hidrológicos,60008,Gestão de risco de desastre,2015,,Presente,mid,Médio,#FFCD00,5451,Pinhão/PR,0.5
Desastres geo-hidrológicos,60008,Gestão de risco de desastre,2015,,Presente,mid,Médio,#FFCD00,2181,Piquete/SP,0.5
Desastres geo-hidrológicos,60008,Gestão de risco de desastre,2015,,Presente,mid,Médio,#FFCD00,2183,Piracicaba/SP,0.5
Desastres geo-hidrológicos,60008,Gestão de risco de desastre,2015,,Presente,mid,Médio,#FFCD00,1740,Piraí/RJ,0.5
Desastres geo-hidrológicos,60008,Gestão de risco de desastre,2015,,Presente,mid,Médio,#FFCD00,5235,Pitanga/PR,0.5
Desastres geo-hidrológicos,60008,Gestão de risco de desastre,2015,,Presente,mid,Médio,#FFCD00,1360,Ponte Nova/MG,0.5
Desastres geo-hidrológicos,60008,Gestão de risco de desastre,2015,,Presente,mid,Médio,#FFCD00,1741,Porciúncula/RJ,0.5
Desastres geo-hidrológicos,60008,Gestão de risco de desastre,2015,,Presente,mid,Médio,#FFCD00,5389,Porto Amazonas/PR,0.5
Desastres geo-hidrológicos,60008,Gestão de risco de desastre,2015,,Presente,mid,Médio,#FFCD00,2203,Porto Ferreira/SP,0.5
Desastres geo-hidrológicos,60008,Gestão de risco de desastre,2015,,Presente,mid,Médio,#FFCD00,1742,Porto Real/RJ,0.5
Desastres geo-hidrológicos,60008,Gestão de risco de desastre,2015,,Presente,mid,Médio,#FFCD00,5241,Pranchita/PR,0.5
Desastres geo-hidrológicos,60008,Gestão de risco de desastre,2015,,Presente,mid,Médio,#FFCD00,1369,Prata/MG,0.5
Desastres geo-hidrológicos,60008,Gestão de risco de desastre,2015,,Presente,mid,Médio,#FFCD00,2210,Presidente Alves/SP,0.5
Desastres geo-hidrológicos,60008,Gestão de risco de desastre,2015,,Presente,mid,Médio,#FFCD00,15,Presidente Bernardes/SP,0.5
Desastres geo-hidrológicos,60008,Gestão de risco de desastre,2015,,Presente,mid,Médio,#FFCD00,5242,Presidente Castelo Branco/PR,0.5
Desastres geo-hidrológicos,60008,Gestão de risco de desastre,2015,,Presente,mid,Médio,#FFCD00,2508,Presidente Getúlio/SC,0.5
Desastres geo-hidrológicos,60008,Gestão de risco de desastre,2015,,Presente,mid,Médio,#FFCD00,1664,Presidente Kennedy/ES,0.5
Desastres geo-hidrológicos,60008,Gestão de risco de desastre,2015,,Presente,mid,Médio,#FFCD00,5391,Primeiro de Maio/PR,0.5
Desastres geo-hidrológicos,60008,Gestão de risco de desastre,2015,,Presente,mid,Médio,#FFCD00,5392,Prudentópolis/PR,0.5
Desastres geo-hidrológicos,60008,Gestão de risco de desastre,2015,,Presente,mid,Médio,#FFCD00,1743,Quatis/RJ,0.5
Desastres geo-hidrológicos,60008,Gestão de risco de desastre,2015,,Presente,mid,Médio,#FFCD00,1744,Queimados/RJ,0.5
Desastres geo-hidrológicos,60008,Gestão de risco de desastre,2015,,Presente,mid,Médio,#FFCD00,4331,Quipapá/PE,0.5
Desastres geo-hidrológicos,60008,Gestão de risco de desastre,2015,,Presente,mid,Médio,#FFCD00,1380,Raposos/MG,0.5
Desastres geo-hidrológicos,60008,Gestão de risco de desastre,2015,,Presente,mid,Médio,#FFCD00,5250,Realeza/PR,0.5
Desastres geo-hidrológicos,60008,Gestão de risco de desastre,2015,,Presente,mid,Médio,#FFCD00,5397,Rebouças/PR,0.5
Desastres geo-hidrológicos,60008,Gestão de risco de desastre,2015,,Presente,mid,Médio,#FFCD00,1382,Recreio/MG,0.5
Desastres geo-hidrológicos,60008,Gestão de risco de desastre,2015,,Presente,mid,Médio,#FFCD00,5398,Reserva/PR,0.5
Desastres geo-hidrológicos,60008,Gestão de risco de desastre,2015,,Presente,mid,Médio,#FFCD00,583,Ribas do Rio Pardo/MS,0.5
Desastres geo-hidrológicos,60008,Gestão de risco de desastre,2015,,Presente,mid,Médio,#FFCD00,18,Ribeirão dos Índios/SP,0.5
Desastres geo-hidrológicos,60008,Gestão de risco de desastre,2015,,Presente,mid,Médio,#FFCD00,1391,Rio Acima/MG,0.5
Desastres geo-hidrológicos,60008,Gestão de risco de desastre,2015,,Presente,mid,Médio,#FFCD00,1665,Rio Bananal/ES,0.5
Desastres geo-hidrológicos,60008,Gestão de risco de desastre,2015,,Presente,mid,Médio,#FFCD00,1747,Rio Bonito/RJ,0.5
Desastres geo-hidrológicos,60008,Gestão de risco de desastre,2015,,Presente,mid,Médio,#FFCD00,1392,Rio Casca/MG,0.5
Desastres geo-hidrológicos,60008,Gestão de risco de desastre,2015,,Presente,mid,Médio,#FFCD00,1750,Rio das Ostras/RJ,0.5
Desastres geo-hidrológicos,60008,Gestão de risco de desastre,2015,,Presente,mid,Médio,#FFCD00,4336,Rio Formoso/PE,0.5
Desastres geo-hidrológicos,60008,Gestão de risco de desastre,2015,,Presente,mid,Médio,#FFCD00,1666,Rio Novo do Sul/ES,0.5
Desastres geo-hidrológicos,60008,Gestão de risco de desastre,2015,,Presente,mid,Médio,#FFCD00,1397,Rio Novo/MG,0.5
Desastres geo-hidrológicos,60008,Gestão de risco de desastre,2015,,Presente,mid,Médio,#FFCD00,398,Rio Pardo/RS,0.5
Desastres geo-hidrológicos,60008,Gestão de risco de desastre,2015,,Presente,mid,Médio,#FFCD00,5254,Roncador/PR,0.5
Desastres geo-hidrológicos,60008,Gestão de risco de desastre,2015,,Presente,mid,Médio,#FFCD00,402,Ronda Alta/RS,0.5
Desastres geo-hidrológicos,60008,Gestão de risco de desastre,2015,,Presente,mid,Médio,#FFCD00,5255,Rondon/PR,0.5
Desastres geo-hidrológicos,60008,Gestão de risco de desastre,2015,,Presente,mid,Médio,#FFCD00,2878,Rurópolis/PA,0.5
Desastres geo-hidrológicos,60008,Gestão de risco de desastre,2015,,Presente,mid,Médio,#FFCD00,1411,Sabará/MG,0.5
Desastres geo-hidrológicos,60008,Gestão de risco de desastre,2015,,Presente,mid,Médio,#FFCD00,5256,Sabáudia/PR,0.5
Desastres geo-hidrológicos,60008,Gestão de risco de desastre,2015,,Presente,mid,Médio,#FFCD00,1412,Sabinópolis/MG,0.5
Desastres geo-hidrológicos,60008,Gestão de risco de desastre,2015,,Presente,mid,Médio,#FFCD00,2243,Sabino/SP,0.5
Desastres geo-hidrológicos,60008,Gestão de risco de desastre,2015,,Presente,mid,Médio,#FFCD00,2247,Salesópolis/SP,0.5
Desastres geo-hidrológicos,60008,Gestão de risco de desastre,2015,,Presente,mid,Médio,#FFCD00,2251,Salto de Pirapora/SP,0.5
Desastres geo-hidrológicos,60008,Gestão de risco de desastre,2015,,Presente,mid,Médio,#FFCD00,5405,Salto do Itararé/PR,0.5
Desastres geo-hidrológicos,60008,Gestão de risco de desastre,2015,,Presente,mid,Médio,#FFCD00,1417,Santa Bárbara do Leste/MG,0.5
Desastres geo-hidrológicos,60008,Gestão de risco de desastre,2015,,Presente,mid,Médio,#FFCD00,2261,Santa Cruz do Rio Pardo/SP,0.5
Desastres geo-hidrológicos,60008,Gestão de risco de desastre,2015,,Presente,mid,Médio,#FFCD00,5260,Santa Fé/PR,0.5
Desastres geo-hidrológicos,60008,Gestão de risco de desastre,2015,,Presente,mid,Médio,#FFCD00,5261,Santa Helena/PR,0.5
Desastres geo-hidrológicos,60008,Gestão de risco de desastre,2015,,Presente,mid,Médio,#FFCD00,5264,Santa Izabel do Oeste/PR,0.5
Desastres geo-hidrológicos,60008,Gestão de risco de desastre,2015,,Presente,mid,Médio,#FFCD00,1667,Santa Leopoldina/ES,0.5
Desastres geo-hidrológicos,60008,Gestão de risco de desastre,2015,,Presente,mid,Médio,#FFCD00,5265,Santa Lúcia/PR,0.5
Desastres geo-hidrológicos,60008,Gestão de risco de desastre,2015,,Presente,mid,Médio,#FFCD00,2266,Santa Lúcia/SP,0.5
Desastres geo-hidrológicos,60008,Gestão de risco de desastre,2015,,Presente,mid,Médio,#FFCD00,5408,Santa Mariana/PR,0.5
Desastres geo-hidrológicos,60008,Gestão de risco de desastre,2015,,Presente,mid,Médio,#FFCD00,416,Santa Maria/RS,0.5
Desastres geo-hidrológicos,60008,Gestão de risco de desastre,2015,,Presente,mid,Médio,#FFCD00,2268,Santana da Ponte Pensa/SP,0.5
Desastres geo-hidrológicos,60008,Gestão de risco de desastre,2015,,Presente,mid,Médio,#FFCD00,5409,Santana do Itararé/PR,0.5
Desastres geo-hidrológicos,60008,Gestão de risco de desastre,2015,,Presente,mid,Médio,#FFCD00,5269,Santa Terezinha de Itaipu/PR,0.5
Desastres geo-hidrológicos,60008,Gestão de risco de desastre,2015,,Presente,mid,Médio,#FFCD00,2274,Santo André/SP,0.5
Desastres geo-hidrológicos,60008,Gestão de risco de desastre,2015,,Presente,mid,Médio,#FFCD00,2275,Santo Antônio da Alegria/SP,0.5
Desastres geo-hidrológicos,60008,Gestão de risco de desastre,2015,,Presente,mid,Médio,#FFCD00,1753,Santo Antônio de Pádua/RJ,0.5
Desastres geo-hidrológicos,60008,Gestão de risco de desastre,2015,,Presente,mid,Médio,#FFCD00,5271,Santo Antônio do Sudoeste/PR,0.5
Desastres geo-hidrológicos,60008,Gestão de risco de desastre,2015,,Presente,mid,Médio,#FFCD00,2285,São Carlos/SP,0.5
Desastres geo-hidrológicos,60008,Gestão de risco de desastre,2015,,Presente,mid,Médio,#FFCD00,4554,São Cristóvão/SE,0.5
Desastres geo-hidrológicos,60008,Gestão de risco de desastre,2015,,Presente,mid,Médio,#FFCD00,3027,São Domingos do Capim/PA,0.5
Desastres geo-hidrológicos,60008,Gestão de risco de desastre,2015,,Presente,mid,Médio,#FFCD00,1465,São Francisco/MG,0.5
Desastres geo-hidrológicos,60008,Gestão de risco de desastre,2015,,Presente,mid,Médio,#FFCD00,2286,São Francisco/SP,0.5
Desastres geo-hidrológicos,60008,Gestão de risco de desastre,2015,,Presente,mid,Médio,#FFCD00,5510,São Gabriel da Cachoeira/AM,0.5
Desastres geo-hidrológicos,60008,Gestão de risco de desastre,2015,,Presente,mid,Médio,#FFCD00,1470,São Geraldo da Piedade/MG,0.5
Desastres geo-hidrológicos,60008,Gestão de risco de desastre,2015,,Presente,mid,Médio,#FFCD00,1756,São Gonçalo/RJ,0.5
Desastres geo-hidrológicos,60008,Gestão de risco de desastre,2015,,Presente,mid,Médio,#FFCD00,5412,São Jerônimo da Serra/PR,0.5
Desastres geo-hidrológicos,60008,Gestão de risco de desastre,2015,,Presente,mid,Médio,#FFCD00,2287,São João da Boa Vista/SP,0.5
Desastres geo-hidrológicos,60008,Gestão de risco de desastre,2015,,Presente,mid,Médio,#FFCD00,1758,São João de Meriti/RJ,0.5
Desastres geo-hidrológicos,60008,Gestão de risco de desastre,2015,,Presente,mid,Médio,#FFCD00,1486,São João do Pacuí/MG,0.5
Desastres geo-hidrológicos,60008,Gestão de risco de desastre,2015,,Presente,mid,Médio,#FFCD00,5274,São João/PR,0.5
Desastres geo-hidrológicos,60008,Gestão de risco de desastre,2015,,Presente,mid,Médio,#FFCD00,5277,São Jorge d'Oeste/PR,0.5
Desastres geo-hidrológicos,60008,Gestão de risco de desastre,2015,,Presente,mid,Médio,#FFCD00,5414,São José da Boa Vista/PR,0.5
Desastres geo-hidrológicos,60008,Gestão de risco de desastre,2015,,Presente,mid,Médio,#FFCD00,4354,São José da Coroa Grande/PE,0.5
Desastres geo-hidrológicos,60008,Gestão de risco de desastre,2015,,Presente,mid,Médio,#FFCD00,4475,São José da Laje/AL,0.5
Desastres geo-hidrológicos,60008,Gestão de risco de desastre,2015,,Presente,mid,Médio,#FFCD00,4941,São José do Norte/RS,0.5
Desastres geo-hidrológicos,60008,Gestão de risco de desastre,2015,,Presente,mid,Médio,#FFCD00,442,São José do Ouro/RS,0.5
Desastres geo-hidrológicos,60008,Gestão de risco de desastre,2015,,Presente,mid,Médio,#FFCD00,2295,São José dos Campos/SP,0.5
Desastres geo-hidrológicos,60008,Gestão de risco de desastre,2015,,Presente,mid,Médio,#FFCD00,1760,São José do Vale do Rio Preto/RJ,0.5
Desastres geo-hidrológicos,60008,Gestão de risco de desastre,2015,,Presente,mid,Médio,#FFCD00,2626,São Leopoldo/RS,0.5
Desastres geo-hidrológicos,60008,Gestão de risco de desastre,2015,,Presente,mid,Médio,#FFCD00,4357,São Lourenço da Mata/PE,0.5
Desastres geo-hidrológicos,60008,Gestão de risco de desastre,2015,,Presente,mid,Médio,#FFCD00,3373,São Luís Gonzaga do Maranhão/MA,0.5
Desastres geo-hidrológicos,60008,Gestão de risco de desastre,2015,,Presente,mid,Médio,#FFCD00,2299,São Miguel Arcanjo/SP,0.5
Desastres geo-hidrológicos,60008,Gestão de risco de desastre,2015,,Presente,mid,Médio,#FFCD00,5283,São Pedro do Iguaçu/PR,0.5
Desastres geo-hidrológicos,60008,Gestão de risco de desastre,2015,,Presente,mid,Médio,#FFCD00,5284,São Pedro do Ivaí/PR,0.5
Desastres geo-hidrológicos,60008,Gestão de risco de desastre,2015,,Presente,mid,Médio,#FFCD00,1504,São Pedro do Suaçuí/MG,0.5
Desastres geo-hidrológicos,60008,Gestão de risco de desastre,2015,,Presente,mid,Médio,#FFCD00,2302,São Pedro do Turvo/SP,0.5
Desastres geo-hidrológicos,60008,Gestão de risco de desastre,2015,,Presente,mid,Médio,#FFCD00,2301,São Pedro/SP,0.5
Desastres geo-hidrológicos,60008,Gestão de risco de desastre,2015,,Presente,mid,Médio,#FFCD00,2303,São Roque/SP,0.5
Desastres geo-hidrológicos,60008,Gestão de risco de desastre,2015,,Presente,mid,Médio,#FFCD00,2304,São Sebastião/SP,0.5
Desastres geo-hidrológicos,60008,Gestão de risco de desastre,2015,,Presente,mid,Médio,#FFCD00,2307,São Vicente/SP,0.5
Desastres geo-hidrológicos,60008,Gestão de risco de desastre,2015,,Presente,mid,Médio,#FFCD00,2630,Sapiranga/RS,0.5
Desastres geo-hidrológicos,60008,Gestão de risco de desastre,2015,,Presente,mid,Médio,#FFCD00,2631,Sapucaia do Sul/RS,0.5
Desastres geo-hidrológicos,60008,Gestão de risco de desastre,2015,,Presente,mid,Médio,#FFCD00,1764,Saquarema/RJ,0.5
Desastres geo-hidrológicos,60008,Gestão de risco de desastre,2015,,Presente,mid,Médio,#FFCD00,5287,Sarandi/PR,0.5
Desastres geo-hidrológicos,60008,Gestão de risco de desastre,2015,,Presente,mid,Médio,#FFCD00,2839,Sena Madureira/AC,0.5
Desastres geo-hidrológicos,60008,Gestão de risco de desastre,2015,,Presente,mid,Médio,#FFCD00,1541,Serro/MG,0.5
Desastres geo-hidrológicos,60008,Gestão de risco de desastre,2015,,Presente,mid,Médio,#FFCD00,1522,Setubinha/MG,0.5
Desastres geo-hidrológicos,60008,Gestão de risco de desastre,2015,,Presente,mid,Médio,#FFCD00,2317,Silveiras/SP,0.5
Desastres geo-hidrológicos,60008,Gestão de risco de desastre,2015,,Presente,mid,Médio,#FFCD00,1548,Soledade de Minas/MG,0.5
Desastres geo-hidrológicos,60008,Gestão de risco de desastre,2015,,Presente,mid,Médio,#FFCD00,2319,Sorocaba/SP,0.5
Desastres geo-hidrológicos,60008,Gestão de risco de desastre,2015,,Presente,mid,Médio,#FFCD00,4189,Sousa/PB,0.5
Desastres geo-hidrológicos,60008,Gestão de risco de desastre,2015,,Presente,mid,Médio,#FFCD00,1767,Sumidouro/RJ,0.5
Desastres geo-hidrológicos,60008,Gestão de risco de desastre,2015,,Presente,mid,Médio,#FFCD00,2326,Taboão da Serra/SP,0.5
Desastres geo-hidrológicos,60008,Gestão de risco de desastre,2015,,Presente,mid,Médio,#FFCD00,3179,Talismã/TO,0.5
Desastres geo-hidrológicos,60008,Gestão de risco de desastre,2015,,Presente,mid,Médio,#FFCD00,5423,Tamarana/PR,0.5
Desastres geo-hidrológicos,60008,Gestão de risco de desastre,2015,,Presente,mid,Médio,#FFCD00,2544,Tangará/SC,0.5
Desastres geo-hidrológicos,60008,Gestão de risco de desastre,2015,,Presente,mid,Médio,#FFCD00,1768,Tanguá/RJ,0.5
Desastres geo-hidrológicos,60008,Gestão de risco de desastre,2015,,Presente,mid,Médio,#FFCD00,2332,Tapiraí/SP,0.5
Desastres geo-hidrológicos,60008,Gestão de risco de desastre,2015,,Presente,mid,Médio,#FFCD00,2335,Taquaritinga/SP,0.5
Desastres geo-hidrológicos,60008,Gestão de risco de desastre,2015,,Presente,mid,Médio,#FFCD00,2338,Tarumã/SP,0.5
Desastres geo-hidrológicos,60008,Gestão de risco de desastre,2015,,Presente,mid,Médio,#FFCD00,2340,Taubaté/SP,0.5
Desastres geo-hidrológicos,60008,Gestão de risco de desastre,2015,,Presente,mid,Médio,#FFCD00,4849,Teofilândia/BA,0.5
Desastres geo-hidrológicos,60008,Gestão de risco de desastre,2015,,Presente,mid,Médio,#FFCD00,5294,Terra Boa/PR,0.5
Desastres geo-hidrológicos,60008,Gestão de risco de desastre,2015,,Presente,mid,Médio,#FFCD00,5295,Terra Rica/PR,0.5
Desastres geo-hidrológicos,60008,Gestão de risco de desastre,2015,,Presente,mid,Médio,#FFCD00,5426,Tibagi/PR,0.5
Desastres geo-hidrológicos,60008,Gestão de risco de desastre,2015,,Presente,mid,Médio,#FFCD00,3389,Timbiras/MA,0.5
Desastres geo-hidrológicos,60008,Gestão de risco de desastre,2015,,Presente,mid,Médio,#FFCD00,2547,Timbó/SC,0.5
Desastres geo-hidrológicos,60008,Gestão de risco de desastre,2015,,Presente,mid,Médio,#FFCD00,4486,Traipu/AL,0.5
Desastres geo-hidrológicos,60008,Gestão de risco de desastre,2015,,Presente,mid,Médio,#FFCD00,5298,Três Barras do Paraná/PR,0.5
Desastres geo-hidrológicos,60008,Gestão de risco de desastre,2015,,Presente,mid,Médio,#FFCD00,1566,Três Marias/MG,0.5
Desastres geo-hidrológicos,60008,Gestão de risco de desastre,2015,,Presente,mid,Médio,#FFCD00,1771,Três Rios/RJ,0.5
Desastres geo-hidrológicos,60008,Gestão de risco de desastre,2015,,Presente,mid,Médio,#FFCD00,4920,Treze Tílias/SC,0.5
Desastres geo-hidrológicos,60008,Gestão de risco de desastre,2015,,Presente,mid,Médio,#FFCD00,2351,Tupã/SP,0.5
Desastres geo-hidrológicos,60008,Gestão de risco de desastre,2015,,Presente,mid,Médio,#FFCD00,5300,Tupãssi/PR,0.5
Desastres geo-hidrológicos,60008,Gestão de risco de desastre,2015,,Presente,mid,Médio,#FFCD00,1570,Turmalina/MG,0.5
Desastres geo-hidrológicos,60008,Gestão de risco de desastre,2015,,Presente,mid,Médio,#FFCD00,1572,Ubá/MG,0.5
Desastres geo-hidrológicos,60008,Gestão de risco de desastre,2015,,Presente,mid,Médio,#FFCD00,2355,Ubatuba/SP,0.5
Desastres geo-hidrológicos,60008,Gestão de risco de desastre,2015,,Presente,mid,Médio,#FFCD00,2555,Urubici/SC,0.5
Desastres geo-hidrológicos,60008,Gestão de risco de desastre,2015,,Presente,mid,Médio,#FFCD00,5520,Urucurituba/AM,0.5
Desastres geo-hidrológicos,60008,Gestão de risco de desastre,2015,,Presente,mid,Médio,#FFCD00,1772,Valença/RJ,0.5
Desastres geo-hidrológicos,60008,Gestão de risco de desastre,2015,,Presente,mid,Médio,#FFCD00,2366,Vargem Grande do Sul/SP,0.5
Desastres geo-hidrológicos,60008,Gestão de risco de desastre,2015,,Presente,mid,Médio,#FFCD00,2368,Várzea Paulista/SP,0.5
Desastres geo-hidrológicos,60008,Gestão de risco de desastre,2015,,Presente,mid,Médio,#FFCD00,1590,Vazante/MG,0.5
Desastres geo-hidrológicos,60008,Gestão de risco de desastre,2015,,Presente,mid,Médio,#FFCD00,5433,Ventania/PR,0.5
Desastres geo-hidrológicos,60008,Gestão de risco de desastre,2015,,Presente,mid,Médio,#FFCD00,3811,Viçosa do Ceará/CE,0.5
Desastres geo-hidrológicos,60008,Gestão de risco de desastre,2015,,Presente,mid,Médio,#FFCD00,5307,Virmond/PR,0.5
Desastres geo-hidrológicos,60008,Gestão de risco de desastre,2015,,Presente,mid,Médio,#FFCD00,1603,Visconde do Rio Branco/MG,0.5
Desastres geo-hidrológicos,60008,Gestão de risco de desastre,2015,,Presente,mid,Médio,#FFCD00,2372,Vista Alegre do Alto/SP,0.5
Desastres geo-hidrológicos,60008,Gestão de risco de desastre,2015,,Presente,mid,Médio,#FFCD00,5308,Vitorino/PR,0.5
Desastres geo-hidrológicos,60008,Gestão de risco de desastre,2015,,Presente,mid,Médio,#FFCD00,5432,Wenceslau Braz/PR,0.5
Desastres geo-hidrológicos,60008,Gestão de risco de desastre,2015,,Presente,mid,Médio,#FFCD00,2841,Xapuri/AC,0.5
Desastres geo-hidrológicos,60008,Gestão de risco de desastre,2015,,Presente,mid,Médio,#FFCD00,1780,Águas de Lindóia/SP,0.45
Desastres geo-hidrológicos,60008,Gestão de risco de desastre,2015,,Presente,mid,Médio,#FFCD00,1782,Águas de São Pedro/SP,0.45
Desastres geo-hidrológicos,60008,Gestão de risco de desastre,2015,,Presente,mid,Médio,#FFCD00,158,Barros Cassal/RS,0.45
Desastres geo-hidrológicos,60008,Gestão de risco de desastre,2015,,Presente,mid,Médio,#FFCD00,5076,Bela Vista da Caroba/PR,0.45
Desastres geo-hidrológicos,60008,Gestão de risco de desastre,2015,,Presente,mid,Médio,#FFCD00,5079,Boa Vista da Aparecida/PR,0.45
Desastres geo-hidrológicos,60008,Gestão de risco de desastre,2015,,Presente,mid,Médio,#FFCD00,5471,Boca do Acre/AM,0.45
Desastres geo-hidrológicos,60008,Gestão de risco de desastre,2015,,Presente,mid,Médio,#FFCD00,535,Bodoquena/MS,0.45
Desastres geo-hidrológicos,60008,Gestão de risco de desastre,2015,,Presente,mid,Médio,#FFCD00,832,Bom Despacho/MG,0.45
Desastres geo-hidrológicos,60008,Gestão de risco de desastre,2015,,Presente,mid,Médio,#FFCD00,844,Botumirim/MG,0.45
Desastres geo-hidrológicos,60008,Gestão de risco de desastre,2015,,Presente,mid,Médio,#FFCD00,5094,Candói/PR,0.45
Desastres geo-hidrológicos,60008,Gestão de risco de desastre,2015,,Presente,mid,Médio,#FFCD00,5334,Cerro Azul/PR,0.45
Desastres geo-hidrológicos,60008,Gestão de risco de desastre,2015,,Presente,mid,Médio,#FFCD00,931,Chapada Gaúcha/MG,0.45
Desastres geo-hidrológicos,60008,Gestão de risco de desastre,2015,,Presente,mid,Médio,#FFCD00,935,Claro dos Poções/MG,0.45
Desastres geo-hidrológicos,60008,Gestão de risco de desastre,2015,,Presente,mid,Médio,#FFCD00,3460,Cocal/PI,0.45
Desastres geo-hidrológicos,60008,Gestão de risco de desastre,2015,,Presente,mid,Médio,#FFCD00,1625,Conceição da Barra/ES,0.45
Desastres geo-hidrológicos,60008,Gestão de risco de desastre,2015,,Presente,mid,Médio,#FFCD00,1913,Cosmorama/SP,0.45
Desastres geo-hidrológicos,60008,Gestão de risco de desastre,2015,,Presente,mid,Médio,#FFCD00,5124,Espigão Alto do Iguaçu/PR,0.45
Desastres geo-hidrológicos,60008,Gestão de risco de desastre,2015,,Presente,mid,Médio,#FFCD00,1940,Espírito Santo do Turvo/SP,0.45
Desastres geo-hidrológicos,60008,Gestão de risco de desastre,2015,,Presente,mid,Médio,#FFCD00,255,Eugênio de Castro/RS,0.45
Desastres geo-hidrológicos,60008,Gestão de risco de desastre,2015,,Presente,mid,Médio,#FFCD00,1959,Getulina/SP,0.45
Desastres geo-hidrológicos,60008,Gestão de risco de desastre,2015,,Presente,mid,Médio,#FFCD00,5141,Guaraci/PR,0.45
Desastres geo-hidrológicos,60008,Gestão de risco de desastre,2015,,Presente,mid,Médio,#FFCD00,1637,Ibitirama/ES,0.45
Desastres geo-hidrológicos,60008,Gestão de risco de desastre,2015,,Presente,mid,Médio,#FFCD00,2447,Ilhota/SC,0.45
Desastres geo-hidrológicos,60008,Gestão de risco de desastre,2015,,Presente,mid,Médio,#FFCD00,1109,Ipanema/MG,0.45
Desastres geo-hidrológicos,60008,Gestão de risco de desastre,2015,,Presente,mid,Médio,#FFCD00,3863,Ipanguaçu/RN,0.45
Desastres geo-hidrológicos,60008,Gestão de risco de desastre,2015,,Presente,mid,Médio,#FFCD00,1132,Itapecerica/MG,0.45
Desastres geo-hidrológicos,60008,Gestão de risco de desastre,2015,,Presente,mid,Médio,#FFCD00,2040,Jacupiranga/SP,0.45
Desastres geo-hidrológicos,60008,Gestão de risco de desastre,2015,,Presente,mid,Médio,#FFCD00,1150,Jampruca/MG,0.45
Desastres geo-hidrológicos,60008,Gestão de risco de desastre,2015,,Presente,mid,Médio,#FFCD00,5173,Lindoeste/PR,0.45
Desastres geo-hidrológicos,60008,Gestão de risco de desastre,2015,,Presente,mid,Médio,#FFCD00,4918,Macieira/SC,0.45
Desastres geo-hidrológicos,60008,Gestão de risco de desastre,2015,,Presente,mid,Médio,#FFCD00,5498,Maraã/AM,0.45
Desastres geo-hidrológicos,60008,Gestão de risco de desastre,2015,,Presente,mid,Médio,#FFCD00,5186,Maria Helena/PR,0.45
Desastres geo-hidrológicos,60008,Gestão de risco de desastre,2015,,Presente,mid,Médio,#FFCD00,5450,Marilândia do Sul/PR,0.45
Desastres geo-hidrológicos,60008,Gestão de risco de desastre,2015,,Presente,mid,Médio,#FFCD00,5192,Maripá/PR,0.45
Desastres geo-hidrológicos,60008,Gestão de risco de desastre,2015,,Presente,mid,Médio,#FFCD00,5199,Mercedes/PR,0.45
Desastres geo-hidrológicos,60008,Gestão de risco de desastre,2015,,Presente,mid,Médio,#FFCD00,2479,Mirim Doce/SC,0.45
Desastres geo-hidrológicos,60008,Gestão de risco de desastre,2015,,Presente,mid,Médio,#FFCD00,4745,Mucugê/BA,0.45
Desastres geo-hidrológicos,60008,Gestão de risco de desastre,2015,,Presente,mid,Médio,#FFCD00,337,Não-Me-Toque/RS,0.45
Desastres geo-hidrológicos,60008,Gestão de risco de desastre,2015,,Presente,mid,Médio,#FFCD00,2484,Navegantes/SC,0.45
Desastres geo-hidrológicos,60008,Gestão de risco de desastre,2015,,Presente,mid,Médio,#FFCD00,5022,Nova Iguaçu de Goiás/GO,0.45
Desastres geo-hidrológicos,60008,Gestão de risco de desastre,2015,,Presente,mid,Médio,#FFCD00,2916,Novo Mundo/MT,0.45
Desastres geo-hidrológicos,60008,Gestão de risco de desastre,2015,,Presente,mid,Médio,#FFCD00,5223,Palotina/PR,0.45
Desastres geo-hidrológicos,60008,Gestão de risco de desastre,2015,,Presente,mid,Médio,#FFCD00,2156,Parapuã/SP,0.45
Desastres geo-hidrológicos,60008,Gestão de risco de desastre,2015,,Presente,mid,Médio,#FFCD00,3906,Paraú/RN,0.45
Desastres geo-hidrológicos,60008,Gestão de risco de desastre,2015,,Presente,mid,Médio,#FFCD00,2172,Pereira Barreto/SP,0.45
Desastres geo-hidrológicos,60008,Gestão de risco de desastre,2015,,Presente,mid,Médio,#FFCD00,16,Presidente Epitácio/SP,0.45
Desastres geo-hidrológicos,60008,Gestão de risco de desastre,2015,,Presente,mid,Médio,#FFCD00,2228,Ribeirão do Sul/SP,0.45
Desastres geo-hidrológicos,60008,Gestão de risco de desastre,2015,,Presente,mid,Médio,#FFCD00,101,Romelândia/SC,0.45
Desastres geo-hidrológicos,60008,Gestão de risco de desastre,2015,,Presente,mid,Médio,#FFCD00,5406,Santa Amélia/PR,0.45
Desastres geo-hidrológicos,60008,Gestão de risco de desastre,2015,,Presente,mid,Médio,#FFCD00,5259,Santa Cruz de Monte Castelo/PR,0.45
Desastres geo-hidrológicos,60008,Gestão de risco de desastre,2015,,Presente,mid,Médio,#FFCD00,422,Santa Vitória do Palmar/RS,0.45
Desastres geo-hidrológicos,60008,Gestão de risco de desastre,2015,,Presente,mid,Médio,#FFCD00,1459,Santos Dumont/MG,0.45
Desastres geo-hidrológicos,60008,Gestão de risco de desastre,2015,,Presente,mid,Médio,#FFCD00,4815,São Desidério/BA,0.45
Desastres geo-hidrológicos,60008,Gestão de risco de desastre,2015,,Presente,mid,Médio,#FFCD00,1754,São Francisco de Itabapoana/RJ,0.45
Desastres geo-hidrológicos,60008,Gestão de risco de desastre,2015,,Presente,mid,Médio,#FFCD00,589,São Gabriel do Oeste/MS,0.45
Desastres geo-hidrológicos,60008,Gestão de risco de desastre,2015,,Presente,mid,Médio,#FFCD00,437,São João do Polêsine/RS,0.45
Desastres geo-hidrológicos,60008,Gestão de risco de desastre,2015,,Presente,mid,Médio,#FFCD00,2293,São José do Rio Pardo/SP,0.45
Desastres geo-hidrológicos,60008,Gestão de risco de desastre,2015,,Presente,mid,Médio,#FFCD00,2296,São Lourenço da Serra/SP,0.45
Desastres geo-hidrológicos,60008,Gestão de risco de desastre,2015,,Presente,mid,Médio,#FFCD00,5285,São Pedro do Paraná/PR,0.45
Desastres geo-hidrológicos,60008,Gestão de risco de desastre,2015,,Presente,mid,Médio,#FFCD00,1674,São Roque do Canaã/ES,0.45
Desastres geo-hidrológicos,60008,Gestão de risco de desastre,2015,,Presente,mid,Médio,#FFCD00,2628,São Sebastião do Caí/RS,0.45
Desastres geo-hidrológicos,60008,Gestão de risco de desastre,2015,,Presente,mid,Médio,#FFCD00,5286,São Tomé/PR,0.45
Desastres geo-hidrológicos,60008,Gestão de risco de desastre,2015,,Presente,mid,Médio,#FFCD00,456,São Valentim/RS,0.45
Desastres geo-hidrológicos,60008,Gestão de risco de desastre,2015,,Presente,mid,Médio,#FFCD00,484,Tio Hugo/RS,0.45
Desastres geo-hidrológicos,60008,Gestão de risco de desastre,2015,,Presente,mid,Médio,#FFCD00,1560,Tiros/MG,0.45
Desastres geo-hidrológicos,60008,Gestão de risco de desastre,2015,,Presente,mid,Médio,#FFCD00,1594,Vermelho Novo/MG,0.45
Desastres geo-hidrológicos,60008,Gestão de risco de desastre,2015,,Presente,mid,Médio,#FFCD00,2559,Vidal Ramos/SC,0.45
Desastres geo-hidrológicos,60008,Gestão de risco de desastre,2015,,Presente,high,Alto,#A9DE00,131,Ajuricaba/RS,0.78
Desastres geo-hidrológicos,60008,Gestão de risco de desastre,2015,,Presente,high,Alto,#A9DE00,1610,Alfredo Chaves/ES,0.78
Desastres geo-hidrológicos,60008,Gestão de risco de desastre,2015,,Presente,high,Alto,#A9DE00,2390,Araranguá/SC,0.78
Desastres geo-hidrológicos,60008,Gestão de risco de desastre,2015,,Presente,high,Alto,#A9DE00,145,Arroio dos Ratos/RS,0.78
Desastres geo-hidrológicos,60008,Gestão de risco de desastre,2015,,Presente,high,Alto,#A9DE00,1618,Boa Esperança/ES,0.78
Desastres geo-hidrológicos,60008,Gestão de risco de desastre,2015,,Presente,high,Alto,#A9DE00,1010,Dores de Campos/MG,0.78
Desastres geo-hidrológicos,60008,Gestão de risco de desastre,2015,,Presente,high,Alto,#A9DE00,1021,Entre Rios de Minas/MG,0.78
Desastres geo-hidrológicos,60008,Gestão de risco de desastre,2015,,Presente,high,Alto,#A9DE00,1943,Fernandópolis/SP,0.78
Desastres geo-hidrológicos,60008,Gestão de risco de desastre,2015,,Presente,high,Alto,#A9DE00,1712,Itaboraí/RJ,0.78
Desastres geo-hidrológicos,60008,Gestão de risco de desastre,2015,,Presente,high,Alto,#A9DE00,1645,Jerônimo Monteiro/ES,0.78
Desastres geo-hidrológicos,60008,Gestão de risco de desastre,2015,,Presente,high,Alto,#A9DE00,1647,Laranja da Terra/ES,0.78
Desastres geo-hidrológicos,60008,Gestão de risco de desastre,2015,,Presente,high,Alto,#A9DE00,2988,Marabá/PA,0.78
Desastres geo-hidrológicos,60008,Gestão de risco de desastre,2015,,Presente,high,Alto,#A9DE00,5196,Matelândia/PR,0.78
Desastres geo-hidrológicos,60008,Gestão de risco de desastre,2015,,Presente,high,Alto,#A9DE00,1653,Mimoso do Sul/ES,0.78
Desastres geo-hidrológicos,60008,Gestão de risco de desastre,2015,,Presente,high,Alto,#A9DE00,2114,Morungaba/SP,0.78
Desastres geo-hidrológicos,60008,Gestão de risco de desastre,2015,,Presente,high,Alto,#A9DE00,5379,Paranaguá/PR,0.78
Desastres geo-hidrológicos,60008,Gestão de risco de desastre,2015,,Presente,high,Alto,#A9DE00,2158,Pariquera-Açu/SP,0.78
Desastres geo-hidrológicos,60008,Gestão de risco de desastre,2015,,Presente,high,Alto,#A9DE00,1315,Patrocínio do Muriaé/MG,0.78
Desastres geo-hidrológicos,60008,Gestão de risco de desastre,2015,,Presente,high,Alto,#A9DE00,2230,Ribeirão Pires/SP,0.78
Desastres geo-hidrológicos,60008,Gestão de risco de desastre,2015,,Presente,high,Alto,#A9DE00,5402,Rio Branco do Sul/PR,0.78
Desastres geo-hidrológicos,60008,Gestão de risco de desastre,2015,,Presente,high,Alto,#A9DE00,2515,Rio do Sul/SC,0.78
Desastres geo-hidrológicos,60008,Gestão de risco de desastre,2015,,Presente,high,Alto,#A9DE00,5415,São José dos Pinhais/PR,0.78
Desastres geo-hidrológicos,60008,Gestão de risco de desastre,2015,,Presente,high,Alto,#A9DE00,5416,São Mateus do Sul/PR,0.78
Desastres geo-hidrológicos,60008,Gestão de risco de desastre,2015,,Presente,high,Alto,#A9DE00,5302,Umuarama/PR,0.78
Desastres geo-hidrológicos,60008,Gestão de risco de desastre,2015,,Presente,high,Alto,#A9DE00,2564,Alto Feliz/RS,0.75
Desastres geo-hidrológicos,60008,Gestão de risco de desastre,2015,,Presente,high,Alto,#A9DE00,529,Aquidauana/MS,0.75
Desastres geo-hidrológicos,60008,Gestão de risco de desastre,2015,,Presente,high,Alto,#A9DE00,4216,Barra de Guabiraba/PE,0.75
Desastres geo-hidrológicos,60008,Gestão de risco de desastre,2015,,Presente,high,Alto,#A9DE00,1691,Barra Mansa/RJ,0.75
Desastres geo-hidrológicos,60008,Gestão de risco de desastre,2015,,Presente,high,Alto,#A9DE00,3426,Batalha/PI,0.75
Desastres geo-hidrológicos,60008,Gestão de risco de desastre,2015,,Presente,high,Alto,#A9DE00,2402,Benedito Novo/SC,0.75
Desastres geo-hidrológicos,60008,Gestão de risco de desastre,2015,,Presente,high,Alto,#A9DE00,840,Bonfinópolis de Minas/MG,0.75
Desastres geo-hidrológicos,60008,Gestão de risco de desastre,2015,,Presente,high,Alto,#A9DE00,536,Bonito/MS,0.75
Desastres geo-hidrológicos,60008,Gestão de risco de desastre,2015,,Presente,high,Alto,#A9DE00,168,Bossoroca/RS,0.75
Desastres geo-hidrológicos,60008,Gestão de risco de desastre,2015,,Presente,high,Alto,#A9DE00,857,Cabo Verde/MG,0.75
Desastres geo-hidrológicos,60008,Gestão de risco de desastre,2015,,Presente,high,Alto,#A9DE00,609,Cáceres/MT,0.75
Desastres geo-hidrológicos,60008,Gestão de risco de desastre,2015,,Presente,high,Alto,#A9DE00,4234,Cachoeirinha/PE,0.75
Desastres geo-hidrológicos,60008,Gestão de risco de desastre,2015,,Presente,high,Alto,#A9DE00,5095,Cantagalo/PR,0.75
Desastres geo-hidrológicos,60008,Gestão de risco de desastre,2015,,Presente,high,Alto,#A9DE00,2577,Capão da Canoa/RS,0.75
Desastres geo-hidrológicos,60008,Gestão de risco de desastre,2015,,Presente,high,Alto,#A9DE00,1889,Capela do Alto/SP,0.75
Desastres geo-hidrológicos,60008,Gestão de risco de desastre,2015,,Presente,high,Alto,#A9DE00,2421,Capivari de Baixo/SC,0.75
Desastres geo-hidrológicos,60008,Gestão de risco de desastre,2015,,Presente,high,Alto,#A9DE00,927,Centralina/MG,0.75
Desastres geo-hidrológicos,60008,Gestão de risco de desastre,2015,,Presente,high,Alto,#A9DE00,3245,Codó/MA,0.75
Desastres geo-hidrológicos,60008,Gestão de risco de desastre,2015,,Presente,high,Alto,#A9DE00,2426,Correia Pinto/SC,0.75
Desastres geo-hidrológicos,60008,Gestão de risco de desastre,2015,,Presente,high,Alto,#A9DE00,1018,Engenheiro Caldas/MG,0.75
Desastres geo-hidrológicos,60008,Gestão de risco de desastre,2015,,Presente,high,Alto,#A9DE00,5448,Guarapuava/PR,0.75
Desastres geo-hidrológicos,60008,Gestão de risco de desastre,2015,,Presente,high,Alto,#A9DE00,4284,Ilha de Itamaracá/PE,0.75
Desastres geo-hidrológicos,60008,Gestão de risco de desastre,2015,,Presente,high,Alto,#A9DE00,1998,Indaiatuba/SP,0.75
Desastres geo-hidrológicos,60008,Gestão de risco de desastre,2015,,Presente,high,Alto,#A9DE00,2866,Itaituba/PA,0.75
Desastres geo-hidrológicos,60008,Gestão de risco de desastre,2015,,Presente,high,Alto,#A9DE00,3715,Itapipoca/CE,0.75
Desastres geo-hidrológicos,60008,Gestão de risco de desastre,2015,,Presente,high,Alto,#A9DE00,5158,Ivaiporã/PR,0.75
Desastres geo-hidrológicos,60008,Gestão de risco de desastre,2015,,Presente,high,Alto,#A9DE00,5161,Jandaia do Sul/PR,0.75
Desastres geo-hidrológicos,60008,Gestão de risco de desastre,2015,,Presente,high,Alto,#A9DE00,2044,Jandira/SP,0.75
Desastres geo-hidrológicos,60008,Gestão de risco de desastre,2015,,Presente,high,Alto,#A9DE00,2461,Jaraguá do Sul/SC,0.75
Desastres geo-hidrológicos,60008,Gestão de risco de desastre,2015,,Presente,high,Alto,#A9DE00,5174,Loanda/PR,0.75
Desastres geo-hidrológicos,60008,Gestão de risco de desastre,2015,,Presente,high,Alto,#A9DE00,4310,Moreno/PE,0.75
Desastres geo-hidrológicos,60008,Gestão de risco de desastre,2015,,Presente,high,Alto,#A9DE00,2750,Morrinhos/GO,0.75
Desastres geo-hidrológicos,60008,Gestão de risco de desastre,2015,,Presente,high,Alto,#A9DE00,2131,Nova Odessa/SP,0.75
Desastres geo-hidrológicos,60008,Gestão de risco de desastre,2015,,Presente,high,Alto,#A9DE00,731,Nova Viçosa/BA,0.75
Desastres geo-hidrológicos,60008,Gestão de risco de desastre,2015,,Presente,high,Alto,#A9DE00,356,Palmeira das Missões/RS,0.75
Desastres geo-hidrológicos,60008,Gestão de risco de desastre,2015,,Presente,high,Alto,#A9DE00,1314,Patrocínio/MG,0.75
Desastres geo-hidrológicos,60008,Gestão de risco de desastre,2015,,Presente,high,Alto,#A9DE00,5237,Planaltina do Paraná/PR,0.75
Desastres geo-hidrológicos,60008,Gestão de risco de desastre,2015,,Presente,high,Alto,#A9DE00,96,Ponte Serrada/SC,0.75
Desastres geo-hidrológicos,60008,Gestão de risco de desastre,2015,,Presente,high,Alto,#A9DE00,1366,Pouso Alegre/MG,0.75
Desastres geo-hidrológicos,60008,Gestão de risco de desastre,2015,,Presente,high,Alto,#A9DE00,5453,Prado Ferreira/PR,0.75
Desastres geo-hidrológicos,60008,Gestão de risco de desastre,2015,,Presente,high,Alto,#A9DE00,1748,Rio Claro/RJ,0.75
Desastres geo-hidrológicos,60008,Gestão de risco de desastre,2015,,Presente,high,Alto,#A9DE00,5404,Rosário do Ivaí/PR,0.75
Desastres geo-hidrológicos,60008,Gestão de risco de desastre,2015,,Presente,high,Alto,#A9DE00,413,Santa Cecília do Sul/RS,0.75
Desastres geo-hidrológicos,60008,Gestão de risco de desastre,2015,,Presente,high,Alto,#A9DE00,5509,Santo Antônio do Içá/AM,0.75
Desastres geo-hidrológicos,60008,Gestão de risco de desastre,2015,,Presente,high,Alto,#A9DE00,436,São João da Urtiga/RS,0.75
Desastres geo-hidrológicos,60008,Gestão de risco de desastre,2015,,Presente,high,Alto,#A9DE00,5280,São José das Palmeiras/PR,0.75
Desastres geo-hidrológicos,60008,Gestão de risco de desastre,2015,,Presente,high,Alto,#A9DE00,5289,Serranópolis do Iguaçu/PR,0.75
Desastres geo-hidrológicos,60008,Gestão de risco de desastre,2015,,Presente,high,Alto,#A9DE00,5513,Silves/AM,0.75
Desastres geo-hidrológicos,60008,Gestão de risco de desastre,2015,,Presente,high,Alto,#A9DE00,5290,Sulina/PR,0.75
Desastres geo-hidrológicos,60008,Gestão de risco de desastre,2015,,Presente,high,Alto,#A9DE00,2322,Suzano/SP,0.75
Desastres geo-hidrológicos,60008,Gestão de risco de desastre,2015,,Presente,high,Alto,#A9DE00,2330,Tambaú/SP,0.75
Desastres geo-hidrológicos,60008,Gestão de risco de desastre,2015,,Presente,high,Alto,#A9DE00,2348,Tremembé/SP,0.75
Desastres geo-hidrológicos,60008,Gestão de risco de desastre,2015,,Presente,high,Alto,#A9DE00,2554,Turvo/SC,0.75
Desastres geo-hidrológicos,60008,Gestão de risco de desastre,2015,,Presente,high,Alto,#A9DE00,5303,Uniflor/PR,0.75
Desastres geo-hidrológicos,60008,Gestão de risco de desastre,2015,,Presente,high,Alto,#A9DE00,4202,Abreu e Lima/PE,0.73
Desastres geo-hidrológicos,60008,Gestão de risco de desastre,2015,,Presente,high,Alto,#A9DE00,1884,Canas/SP,0.73
Desastres geo-hidrológicos,60008,Gestão de risco de desastre,2015,,Presente,high,Alto,#A9DE00,1891,Caraguatatuba/SP,0.73
Desastres geo-hidrológicos,60008,Gestão de risco de desastre,2015,,Presente,high,Alto,#A9DE00,2425,Corupá/SC,0.73
Desastres geo-hidrológicos,60008,Gestão de risco de desastre,2015,,Presente,high,Alto,#A9DE00,4054,Diamante/PB,0.73
Desastres geo-hidrológicos,60008,Gestão de risco de desastre,2015,,Presente,high,Alto,#A9DE00,1632,Governador Lindenberg/ES,0.73
Desastres geo-hidrológicos,60008,Gestão de risco de desastre,2015,,Presente,high,Alto,#A9DE00,2458,Ituporanga/SC,0.73
Desastres geo-hidrológicos,60008,Gestão de risco de desastre,2015,,Presente,high,Alto,#A9DE00,2036,Jaborandi/SP,0.73
Desastres geo-hidrológicos,60008,Gestão de risco de desastre,2015,,Presente,high,Alto,#A9DE00,1209,Mantena/MG,0.73
Desastres geo-hidrológicos,60008,Gestão de risco de desastre,2015,,Presente,high,Alto,#A9DE00,3899,Mossoró/RN,0.73
Desastres geo-hidrológicos,60008,Gestão de risco de desastre,2015,,Presente,high,Alto,#A9DE00,3900,Natal/RN,0.73
Desastres geo-hidrológicos,60008,Gestão de risco de desastre,2015,,Presente,high,Alto,#A9DE00,1278,Novo Cruzeiro/MG,0.73
Desastres geo-hidrológicos,60008,Gestão de risco de desastre,2015,,Presente,high,Alto,#A9DE00,3847,Parnamirim/RN,0.73
Desastres geo-hidrológicos,60008,Gestão de risco de desastre,2015,,Presente,high,Alto,#A9DE00,5387,Ponta Grossa/PR,0.73
Desastres geo-hidrológicos,60008,Gestão de risco de desastre,2015,,Presente,high,Alto,#A9DE00,5246,Querência do Norte/PR,0.73
Desastres geo-hidrológicos,60008,Gestão de risco de desastre,2015,,Presente,high,Alto,#A9DE00,2216,Quintana/SP,0.73
Desastres geo-hidrológicos,60008,Gestão de risco de desastre,2015,,Presente,high,Alto,#A9DE00,2252,Salto Grande/SP,0.73
Desastres geo-hidrológicos,60008,Gestão de risco de desastre,2015,,Presente,high,Alto,#A9DE00,2269,Santana de Parnaíba/SP,0.73
Desastres geo-hidrológicos,60008,Gestão de risco de desastre,2015,,Presente,high,Alto,#A9DE00,2623,São Francisco de Paula/RS,0.73
Desastres geo-hidrológicos,60008,Gestão de risco de desastre,2015,,Presente,high,Alto,#A9DE00,1489,São João Nepomuceno/MG,0.73
Desastres geo-hidrológicos,60008,Gestão de risco de desastre,2015,,Presente,high,Alto,#A9DE00,113,São Miguel do Oeste/SC,0.73
Desastres geo-hidrológicos,60008,Gestão de risco de desastre,2015,,Presente,high,Alto,#A9DE00,5418,Sapopema/PR,0.73
Desastres geo-hidrológicos,60008,Gestão de risco de desastre,2015,,Presente,high,Alto,#A9DE00,2308,Sarapuí/SP,0.73
Desastres geo-hidrológicos,60008,Gestão de risco de desastre,2015,,Presente,high,Alto,#A9DE00,1675,Serra/ES,0.73
Desastres geo-hidrológicos,60008,Gestão de risco de desastre,2015,,Presente,high,Alto,#A9DE00,2339,Tatuí/SP,0.73
Desastres geo-hidrológicos,60008,Gestão de risco de desastre,2015,,Presente,high,Alto,#A9DE00,27,Abelardo Luz/SC,0.67
Desastres geo-hidrológicos,60008,Gestão de risco de desastre,2015,,Presente,high,Alto,#A9DE00,1609,Alegre/ES,0.67
Desastres geo-hidrológicos,60008,Gestão de risco de desastre,2015,,Presente,high,Alto,#A9DE00,2858,Alenquer/PA,0.67
Desastres geo-hidrológicos,60008,Gestão de risco de desastre,2015,,Presente,high,Alto,#A9DE00,3647,Aurora/CE,0.67
Desastres geo-hidrológicos,60008,Gestão de risco de desastre,2015,,Presente,high,Alto,#A9DE00,4392,Barra de São Miguel/AL,0.67
Desastres geo-hidrológicos,60008,Gestão de risco de desastre,2015,,Presente,high,Alto,#A9DE00,172,Butiá/RS,0.67
Desastres geo-hidrológicos,60008,Gestão de risco de desastre,2015,,Presente,high,Alto,#A9DE00,1883,Cananéia/SP,0.67
Desastres geo-hidrológicos,60008,Gestão de risco de desastre,2015,,Presente,high,Alto,#A9DE00,5052,Canarana/MT,0.67
Desastres geo-hidrológicos,60008,Gestão de risco de desastre,2015,,Presente,high,Alto,#A9DE00,2430,Doutor Pedrinho/SC,0.67
Desastres geo-hidrológicos,60008,Gestão de risco de desastre,2015,,Presente,high,Alto,#A9DE00,2587,Feliz/RS,0.67
Desastres geo-hidrológicos,60008,Gestão de risco de desastre,2015,,Presente,high,Alto,#A9DE00,3686,Fortaleza/CE,0.67
Desastres geo-hidrológicos,60008,Gestão de risco de desastre,2015,,Presente,high,Alto,#A9DE00,2449,Imbituba/SC,0.67
Desastres geo-hidrológicos,60008,Gestão de risco de desastre,2015,,Presente,high,Alto,#A9DE00,2027,Itariri/SP,0.67
Desastres geo-hidrológicos,60008,Gestão de risco de desastre,2015,,Presente,high,Alto,#A9DE00,2071,Luís Antônio/SP,0.67
Desastres geo-hidrológicos,60008,Gestão de risco de desastre,2015,,Presente,high,Alto,#A9DE00,4435,Maragogi/AL,0.67
Desastres geo-hidrológicos,60008,Gestão de risco de desastre,2015,,Presente,high,Alto,#A9DE00,1652,Marilândia/ES,0.67
Desastres geo-hidrológicos,60008,Gestão de risco de desastre,2015,,Presente,high,Alto,#A9DE00,4316,Palmares/PE,0.67
Desastres geo-hidrológicos,60008,Gestão de risco de desastre,2015,,Presente,high,Alto,#A9DE00,4812,Santo Amaro/BA,0.67
Desastres geo-hidrológicos,60008,Gestão de risco de desastre,2015,,Presente,high,Alto,#A9DE00,4482,Senador Rui Palmeira/AL,0.67
Desastres geo-hidrológicos,60008,Gestão de risco de desastre,2015,,Presente,high,Alto,#A9DE00,121,Vargeão/SC,0.67
Desastres geo-hidrológicos,60008,Gestão de risco de desastre,2015,,Presente,high,Alto,#A9DE00,123,Xanxerê/SC,0.67
Desastres geo-hidrológicos,60008,Gestão de risco de desastre,2015,,Presente,high,Alto,#A9DE00,2656,Anápolis/GO,0.62
Desastres geo-hidrológicos,60008,Gestão de risco de desastre,2015,,Presente,high,Alto,#A9DE00,792,Arantina/MG,0.62
Desastres geo-hidrológicos,60008,Gestão de risco de desastre,2015,,Presente,high,Alto,#A9DE00,794,Araporã/MG,0.62
Desastres geo-hidrológicos,60008,Gestão de risco de desastre,2015,,Presente,high,Alto,#A9DE00,5318,Arapoti/PR,0.62
Desastres geo-hidrológicos,60008,Gestão de risco de desastre,2015,,Presente,high,Alto,#A9DE00,33,Arvoredo/SC,0.62
Desastres geo-hidrológicos,60008,Gestão de risco de desastre,2015,,Presente,high,Alto,#A9DE00,2861,Aveiro/PA,0.62
Desastres geo-hidrológicos,60008,Gestão de risco de desastre,2015,,Presente,high,Alto,#A9DE00,1867,Cabreúva/SP,0.62
Desastres geo-hidrológicos,60008,Gestão de risco de desastre,2015,,Presente,high,Alto,#A9DE00,5099,Catanduvas/PR,0.62
Desastres geo-hidrológicos,60008,Gestão de risco de desastre,2015,,Presente,high,Alto,#A9DE00,1902,Charqueada/SP,0.62
Desastres geo-hidrológicos,60008,Gestão de risco de desastre,2015,,Presente,high,Alto,#A9DE00,1936,Embu das Artes/SP,0.62
Desastres geo-hidrológicos,60008,Gestão de risco de desastre,2015,,Presente,high,Alto,#A9DE00,239,Encantado/RS,0.62
Desastres geo-hidrológicos,60008,Gestão de risco de desastre,2015,,Presente,high,Alto,#A9DE00,2378,Estiva Gerbi/SP,0.62
Desastres geo-hidrológicos,60008,Gestão de risco de desastre,2015,,Presente,high,Alto,#A9DE00,1996,Ilhabela/SP,0.62
Desastres geo-hidrológicos,60008,Gestão de risco de desastre,2015,,Presente,high,Alto,#A9DE00,1110,Ipatinga/MG,0.62
Desastres geo-hidrológicos,60008,Gestão de risco de desastre,2015,,Presente,high,Alto,#A9DE00,2003,Iperó/SP,0.62
Desastres geo-hidrológicos,60008,Gestão de risco de desastre,2015,,Presente,high,Alto,#A9DE00,5359,Jaboti/PR,0.62
Desastres geo-hidrológicos,60008,Gestão de risco de desastre,2015,,Presente,high,Alto,#A9DE00,1164,João Monlevade/MG,0.62
Desastres geo-hidrológicos,60008,Gestão de risco de desastre,2015,,Presente,high,Alto,#A9DE00,3729,Limoeiro do Norte/CE,0.62
Desastres geo-hidrológicos,60008,Gestão de risco de desastre,2015,,Presente,high,Alto,#A9DE00,1649,Mantenópolis/ES,0.62
Desastres geo-hidrológicos,60008,Gestão de risco de desastre,2015,,Presente,high,Alto,#A9DE00,1655,Mucurici/ES,0.62
Desastres geo-hidrológicos,60008,Gestão de risco de desastre,2015,,Presente,high,Alto,#A9DE00,5204,Munhoz de Melo/PR,0.62
Desastres geo-hidrológicos,60008,Gestão de risco de desastre,2015,,Presente,high,Alto,#A9DE00,2141,Osasco/SP,0.62
Desastres geo-hidrológicos,60008,Gestão de risco de desastre,2015,,Presente,high,Alto,#A9DE00,3911,Passagem/RN,0.62
Desastres geo-hidrológicos,60008,Gestão de risco de desastre,2015,,Presente,high,Alto,#A9DE00,5236,Pitangueiras/PR,0.62
Desastres geo-hidrológicos,60008,Gestão de risco de desastre,2015,,Presente,high,Alto,#A9DE00,1662,Piúma/ES,0.62
Desastres geo-hidrológicos,60008,Gestão de risco de desastre,2015,,Presente,high,Alto,#A9DE00,2509,Presidente Nereu/SC,0.62
Desastres geo-hidrológicos,60008,Gestão de risco de desastre,2015,,Presente,high,Alto,#A9DE00,4469,Rio Largo/AL,0.62
Desastres geo-hidrológicos,60008,Gestão de risco de desastre,2015,,Presente,high,Alto,#A9DE00,4349,São Benedito do Sul/PE,0.62
Desastres geo-hidrológicos,60008,Gestão de risco de desastre,2015,,Presente,high,Alto,#A9DE00,444,São Lourenço do Sul/RS,0.62
Desastres geo-hidrológicos,60008,Gestão de risco de desastre,2015,,Presente,high,Alto,#A9DE00,5511,São Paulo de Olivença/AM,0.62
Desastres geo-hidrológicos,60008,Gestão de risco de desastre,2015,,Presente,high,Alto,#A9DE00,5288,Saudade do Iguaçu/PR,0.62
Desastres geo-hidrológicos,60008,Gestão de risco de desastre,2015,,Presente,high,Alto,#A9DE00,5419,Sengés/PR,0.62
Desastres geo-hidrológicos,60008,Gestão de risco de desastre,2015,,Presente,high,Alto,#A9DE00,5425,Telêmaco Borba/PR,0.62
Desastres geo-hidrológicos,60008,Gestão de risco de desastre,2015,,Presente,high,Alto,#A9DE00,1557,Teófilo Otoni/MG,0.62
Desastres geo-hidrológicos,60008,Gestão de risco de desastre,2015,,Presente,high,Alto,#A9DE00,2546,Timbé do Sul/SC,0.62
Desastres geo-hidrológicos,60008,Gestão de risco de desastre,2015,,Presente,high,Alto,#A9DE00,5299,Tuneiras do Oeste/PR,0.62
Desastres geo-hidrológicos,60008,Gestão de risco de desastre,2015,,Presente,high,Alto,#A9DE00,1678,Venda Nova do Imigrante/ES,0.62
Desastres geo-hidrológicos,60008,Gestão de risco de desastre,2015,,Presente,high,Alto,#A9DE00,1596,Viçosa/MG,0.62
Desastres geo-hidrológicos,60008,Gestão de risco de desastre,2015,,Presente,veryhigh,Muito alto,#02C650,130,Agudo/RS,1.0
Desastres geo-hidrológicos,60008,Gestão de risco de desastre,2015,,Presente,veryhigh,Muito alto,#02C650,772,Alpercata/MG,1.0
Desastres geo-hidrológicos,60008,Gestão de risco de desastre,2015,,Presente,veryhigh,Muito alto,#02C650,136,Alpestre/RS,1.0
Desastres geo-hidrológicos,60008,Gestão de risco de desastre,2015,,Presente,veryhigh,Muito alto,#02C650,1792,Americana/SP,1.0
Desastres geo-hidrológicos,60008,Gestão de risco de desastre,2015,,Presente,veryhigh,Muito alto,#02C650,5461,Anamã/AM,1.0
Desastres geo-hidrológicos,60008,Gestão de risco de desastre,2015,,Presente,veryhigh,Muito alto,#02C650,1684,Angra dos Reis/RJ,1.0
Desastres geo-hidrológicos,60008,Gestão de risco de desastre,2015,,Presente,veryhigh,Muito alto,#02C650,4491,Aracaju/SE,1.0
Desastres geo-hidrológicos,60008,Gestão de risco de desastre,2015,,Presente,veryhigh,Muito alto,#02C650,1614,Aracruz/ES,1.0
Desastres geo-hidrológicos,60008,Gestão de risco de desastre,2015,,Presente,veryhigh,Muito alto,#02C650,804,Astolfo Dutra/MG,1.0
Desastres geo-hidrológicos,60008,Gestão de risco de desastre,2015,,Presente,veryhigh,Muito alto,#02C650,1616,Baixo Guandu/ES,1.0
Desastres geo-hidrológicos,60008,Gestão de risco de desastre,2015,,Presente,veryhigh,Muito alto,#02C650,608,Barra do Garças/MT,1.0
Desastres geo-hidrológicos,60008,Gestão de risco de desastre,2015,,Presente,veryhigh,Muito alto,#02C650,815,Barra Longa/MG,1.0
Desastres geo-hidrológicos,60008,Gestão de risco de desastre,2015,,Presente,veryhigh,Muito alto,#02C650,3656,Bela Cruz/CE,1.0
Desastres geo-hidrológicos,60008,Gestão de risco de desastre,2015,,Presente,veryhigh,Muito alto,#02C650,819,Belo Horizonte/MG,1.0
Desastres geo-hidrológicos,60008,Gestão de risco de desastre,2015,,Presente,veryhigh,Muito alto,#02C650,825,Betim/MG,1.0
Desastres geo-hidrológicos,60008,Gestão de risco de desastre,2015,,Presente,veryhigh,Muito alto,#02C650,1694,Bom Jesus do Itabapoana/RJ,1.0
Desastres geo-hidrológicos,60008,Gestão de risco de desastre,2015,,Presente,veryhigh,Muito alto,#02C650,2820,Brasília/DF,1.0
Desastres geo-hidrológicos,60008,Gestão de risco de desastre,2015,,Presente,veryhigh,Muito alto,#02C650,847,Brás Pires/MG,1.0
Desastres geo-hidrológicos,60008,Gestão de risco de desastre,2015,,Presente,veryhigh,Muito alto,#02C650,2413,Brusque/SC,1.0
Desastres geo-hidrológicos,60008,Gestão de risco de desastre,2015,,Presente,veryhigh,Muito alto,#02C650,1868,Caçapava/SP,1.0
Desastres geo-hidrológicos,60008,Gestão de risco de desastre,2015,,Presente,veryhigh,Muito alto,#02C650,175,Cachoeira do Sul/RS,1.0
Desastres geo-hidrológicos,60008,Gestão de risco de desastre,2015,,Presente,veryhigh,Muito alto,#02C650,1696,Cachoeiras de Macacu/RJ,1.0
Desastres geo-hidrológicos,60008,Gestão de risco de desastre,2015,,Presente,veryhigh,Muito alto,#02C650,1879,Campinas/SP,1.0
Desastres geo-hidrológicos,60008,Gestão de risco de desastre,2015,,Presente,veryhigh,Muito alto,#02C650,1701,Cantagalo/RJ,1.0
Desastres geo-hidrológicos,60008,Gestão de risco de desastre,2015,,Presente,veryhigh,Muito alto,#02C650,3234,Cantanhede/MA,1.0
Desastres geo-hidrológicos,60008,Gestão de risco de desastre,2015,,Presente,veryhigh,Muito alto,#02C650,5097,Capitão Leônidas Marques/PR,1.0
Desastres geo-hidrológicos,60008,Gestão de risco de desastre,2015,,Presente,veryhigh,Muito alto,#02C650,1890,Capivari/SP,1.0
Desastres geo-hidrológicos,60008,Gestão de risco de desastre,2015,,Presente,veryhigh,Muito alto,#02C650,897,Carandaí/MG,1.0
Desastres geo-hidrológicos,60008,Gestão de risco de desastre,2015,,Presente,veryhigh,Muito alto,#02C650,1622,Cariacica/ES,1.0
Desastres geo-hidrológicos,60008,Gestão de risco de desastre,2015,,Presente,veryhigh,Muito alto,#02C650,910,Carmópolis de Minas/MG,1.0
Desastres geo-hidrológicos,60008,Gestão de risco de desastre,2015,,Presente,veryhigh,Muito alto,#02C650,4246,Caruaru/PE,1.0
Desastres geo-hidrológicos,60008,Gestão de risco de desastre,2015,,Presente,veryhigh,Muito alto,#02C650,1623,Castelo/ES,1.0
Desastres geo-hidrológicos,60008,Gestão de risco de desastre,2015,,Presente,veryhigh,Muito alto,#02C650,3238,Caxias/MA,1.0
Desastres geo-hidrológicos,60008,Gestão de risco de desastre,2015,,Presente,veryhigh,Muito alto,#02C650,4251,Chã Grande/PE,1.0
Desastres geo-hidrológicos,60008,Gestão de risco de desastre,2015,,Presente,veryhigh,Muito alto,#02C650,952,Congonhas/MG,1.0
Desastres geo-hidrológicos,60008,Gestão de risco de desastre,2015,,Presente,veryhigh,Muito alto,#02C650,546,Corumbá/MS,1.0
Desastres geo-hidrológicos,60008,Gestão de risco de desastre,2015,,Presente,veryhigh,Muito alto,#02C650,4410,Coruripe/AL,1.0
Desastres geo-hidrológicos,60008,Gestão de risco de desastre,2015,,Presente,veryhigh,Muito alto,#02C650,3678,Crato/CE,1.0
Desastres geo-hidrológicos,60008,Gestão de risco de desastre,2015,,Presente,veryhigh,Muito alto,#02C650,2427,Criciúma/SC,1.0
Desastres geo-hidrológicos,60008,Gestão de risco de desastre,2015,,Presente,veryhigh,Muito alto,#02C650,1919,Cubatão/SP,1.0
Desastres geo-hidrológicos,60008,Gestão de risco de desastre,2015,,Presente,veryhigh,Muito alto,#02C650,5340,Curitiba/PR,1.0
Desastres geo-hidrológicos,60008,Gestão de risco de desastre,2015,,Presente,veryhigh,Muito alto,#02C650,2582,Dois Irmãos/RS,1.0
Desastres geo-hidrológicos,60008,Gestão de risco de desastre,2015,,Presente,veryhigh,Muito alto,#02C650,1708,Duque de Caxias/RJ,1.0
Desastres geo-hidrológicos,60008,Gestão de risco de desastre,2015,,Presente,veryhigh,Muito alto,#02C650,4259,Escada/PE,1.0
Desastres geo-hidrológicos,60008,Gestão de risco de desastre,2015,,Presente,veryhigh,Muito alto,#02C650,253,Estrela/RS,1.0
Desastres geo-hidrológicos,60008,Gestão de risco de desastre,2015,,Presente,veryhigh,Muito alto,#02C650,2432,Florianópolis/SC,1.0
Desastres geo-hidrológicos,60008,Gestão de risco de desastre,2015,,Presente,veryhigh,Muito alto,#02C650,5133,Francisco Beltrão/PR,1.0
Desastres geo-hidrológicos,60008,Gestão de risco de desastre,2015,,Presente,veryhigh,Muito alto,#02C650,1951,Francisco Morato/SP,1.0
Desastres geo-hidrológicos,60008,Gestão de risco de desastre,2015,,Presente,veryhigh,Muito alto,#02C650,2438,Gaspar/SC,1.0
Desastres geo-hidrológicos,60008,Gestão de risco de desastre,2015,,Presente,veryhigh,Muito alto,#02C650,1068,Governador Valadares/MG,1.0
Desastres geo-hidrológicos,60008,Gestão de risco de desastre,2015,,Presente,veryhigh,Muito alto,#02C650,3270,Grajaú/MA,1.0
Desastres geo-hidrológicos,60008,Gestão de risco de desastre,2015,,Presente,veryhigh,Muito alto,#02C650,1633,Guaçuí/ES,1.0
Desastres geo-hidrológicos,60008,Gestão de risco de desastre,2015,,Presente,veryhigh,Muito alto,#02C650,279,Horizontina/RS,1.0
Desastres geo-hidrológicos,60008,Gestão de risco de desastre,2015,,Presente,veryhigh,Muito alto,#02C650,5484,Humaitá/AM,1.0
Desastres geo-hidrológicos,60008,Gestão de risco de desastre,2015,,Presente,veryhigh,Muito alto,#02C650,2445,Ibirama/SC,1.0
Desastres geo-hidrológicos,60008,Gestão de risco de desastre,2015,,Presente,veryhigh,Muito alto,#02C650,4902,Ilha Solteira/SP,1.0
Desastres geo-hidrológicos,60008,Gestão de risco de desastre,2015,,Presente,veryhigh,Muito alto,#02C650,4280,Ipojuca/PE,1.0
Desastres geo-hidrológicos,60008,Gestão de risco de desastre,2015,,Presente,veryhigh,Muito alto,#02C650,1116,Itabirito/MG,1.0
Desastres geo-hidrológicos,60008,Gestão de risco de desastre,2015,,Presente,veryhigh,Muito alto,#02C650,1640,Itaguaçu/ES,1.0
Desastres geo-hidrológicos,60008,Gestão de risco de desastre,2015,,Presente,veryhigh,Muito alto,#02C650,1121,Itajubá/MG,1.0
Desastres geo-hidrológicos,60008,Gestão de risco de desastre,2015,,Presente,veryhigh,Muito alto,#02C650,1641,Itapemirim/ES,1.0
Desastres geo-hidrológicos,60008,Gestão de risco de desastre,2015,,Presente,veryhigh,Muito alto,#02C650,2025,Itaquaquecetuba/SP,1.0
Desastres geo-hidrológicos,60008,Gestão de risco de desastre,2015,,Presente,veryhigh,Muito alto,#02C650,2028,Itatiba/SP,1.0
Desastres geo-hidrológicos,60008,Gestão de risco de desastre,2015,,Presente,veryhigh,Muito alto,#02C650,4289,Jaboatão dos Guararapes/PE,1.0
Desastres geo-hidrológicos,60008,Gestão de risco de desastre,2015,,Presente,veryhigh,Muito alto,#02C650,4074,João Pessoa/PB,1.0
Desastres geo-hidrológicos,60008,Gestão de risco de desastre,2015,,Presente,veryhigh,Muito alto,#02C650,2462,Joinville/SC,1.0
Desastres geo-hidrológicos,60008,Gestão de risco de desastre,2015,,Presente,veryhigh,Muito alto,#02C650,2054,Jundiaí/SP,1.0
Desastres geo-hidrológicos,60008,Gestão de risco de desastre,2015,,Presente,veryhigh,Muito alto,#02C650,2467,Lauro Müller/SC,1.0
Desastres geo-hidrológicos,60008,Gestão de risco de desastre,2015,,Presente,veryhigh,Muito alto,#02C650,1720,Macaé/RJ,1.0
Desastres geo-hidrológicos,60008,Gestão de risco de desastre,2015,,Presente,veryhigh,Muito alto,#02C650,5042,Macapá/AP,1.0
Desastres geo-hidrológicos,60008,Gestão de risco de desastre,2015,,Presente,veryhigh,Muito alto,#02C650,4433,Maceió/AL,1.0
Desastres geo-hidrológicos,60008,Gestão de risco de desastre,2015,,Presente,veryhigh,Muito alto,#02C650,5494,Manacapuru/AM,1.0
Desastres geo-hidrológicos,60008,Gestão de risco de desastre,2015,,Presente,veryhigh,Muito alto,#02C650,5496,Manaus/AM,1.0
Desastres geo-hidrológicos,60008,Gestão de risco de desastre,2015,,Presente,veryhigh,Muito alto,#02C650,1723,Mangaratiba/RJ,1.0
Desastres geo-hidrológicos,60008,Gestão de risco de desastre,2015,,Presente,veryhigh,Muito alto,#02C650,1724,Maricá/RJ,1.0
Desastres geo-hidrológicos,60008,Gestão de risco de desastre,2015,,Presente,veryhigh,Muito alto,#02C650,3302,Matões do Norte/MA,1.0
Desastres geo-hidrológicos,60008,Gestão de risco de desastre,2015,,Presente,veryhigh,Muito alto,#02C650,2101,Mogi das Cruzes/SP,1.0
Desastres geo-hidrológicos,60008,Gestão de risco de desastre,2015,,Presente,veryhigh,Muito alto,#02C650,1654,Montanha/ES,1.0
Desastres geo-hidrológicos,60008,Gestão de risco de desastre,2015,,Presente,veryhigh,Muito alto,#02C650,2112,Monte Mor/SP,1.0
Desastres geo-hidrológicos,60008,Gestão de risco de desastre,2015,,Presente,veryhigh,Muito alto,#02C650,1657,Muqui/ES,1.0
Desastres geo-hidrológicos,60008,Gestão de risco de desastre,2015,,Presente,veryhigh,Muito alto,#02C650,1731,Niterói/RJ,1.0
Desastres geo-hidrológicos,60008,Gestão de risco de desastre,2015,,Presente,veryhigh,Muito alto,#02C650,1732,Nova Friburgo/RJ,1.0
Desastres geo-hidrológicos,60008,Gestão de risco de desastre,2015,,Presente,veryhigh,Muito alto,#02C650,347,Nova Palma/RS,1.0
Desastres geo-hidrológicos,60008,Gestão de risco de desastre,2015,,Presente,veryhigh,Muito alto,#02C650,2485,Nova Trento/SC,1.0
Desastres geo-hidrológicos,60008,Gestão de risco de desastre,2015,,Presente,veryhigh,Muito alto,#02C650,2486,Nova Veneza/SC,1.0
Desastres geo-hidrológicos,60008,Gestão de risco de desastre,2015,,Presente,veryhigh,Muito alto,#02C650,1291,Ouro Preto/MG,1.0
Desastres geo-hidrológicos,60008,Gestão de risco de desastre,2015,,Presente,veryhigh,Muito alto,#02C650,89,Palmitos/SC,1.0
Desastres geo-hidrológicos,60008,Gestão de risco de desastre,2015,,Presente,veryhigh,Muito alto,#02C650,1659,Pancas/ES,1.0
Desastres geo-hidrológicos,60008,Gestão de risco de desastre,2015,,Presente,veryhigh,Muito alto,#02C650,3004,Parauapebas/PA,1.0
Desastres geo-hidrológicos,60008,Gestão de risco de desastre,2015,,Presente,veryhigh,Muito alto,#02C650,2613,Parobé/RS,1.0
Desastres geo-hidrológicos,60008,Gestão de risco de desastre,2015,,Presente,veryhigh,Muito alto,#02C650,2173,Pereiras/SP,1.0
Desastres geo-hidrológicos,60008,Gestão de risco de desastre,2015,,Presente,veryhigh,Muito alto,#02C650,5383,Pinhais/PR,1.0
Desastres geo-hidrológicos,60008,Gestão de risco de desastre,2015,,Presente,veryhigh,Muito alto,#02C650,1661,Pinheiros/ES,1.0
Desastres geo-hidrológicos,60008,Gestão de risco de desastre,2015,,Presente,veryhigh,Muito alto,#02C650,5385,Piraí do Sul/PR,1.0
Desastres geo-hidrológicos,60008,Gestão de risco de desastre,2015,,Presente,veryhigh,Muito alto,#02C650,2501,Pomerode/SC,1.0
Desastres geo-hidrológicos,60008,Gestão de risco de desastre,2015,,Presente,veryhigh,Muito alto,#02C650,2504,Porto Belo/SC,1.0
Desastres geo-hidrológicos,60008,Gestão de risco de desastre,2015,,Presente,veryhigh,Muito alto,#02C650,3151,Porto Nacional/TO,1.0
Desastres geo-hidrológicos,60008,Gestão de risco de desastre,2015,,Presente,veryhigh,Muito alto,#02C650,5537,Porto Velho/RO,1.0
Desastres geo-hidrológicos,60008,Gestão de risco de desastre,2015,,Presente,veryhigh,Muito alto,#02C650,5506,Presidente Figueiredo/AM,1.0
Desastres geo-hidrológicos,60008,Gestão de risco de desastre,2015,,Presente,veryhigh,Muito alto,#02C650,5394,Quatro Barras/PR,1.0
Desastres geo-hidrológicos,60008,Gestão de risco de desastre,2015,,Presente,veryhigh,Muito alto,#02C650,4333,Recife/PE,1.0
Desastres geo-hidrológicos,60008,Gestão de risco de desastre,2015,,Presente,veryhigh,Muito alto,#02C650,2222,Registro/SP,1.0
Desastres geo-hidrológicos,60008,Gestão de risco de desastre,2015,,Presente,veryhigh,Muito alto,#02C650,5251,Renascença/PR,1.0
Desastres geo-hidrológicos,60008,Gestão de risco de desastre,2015,,Presente,veryhigh,Muito alto,#02C650,1389,Ribeirão das Neves/MG,1.0
Desastres geo-hidrológicos,60008,Gestão de risco de desastre,2015,,Presente,veryhigh,Muito alto,#02C650,2835,Rio Branco/AC,1.0
Desastres geo-hidrológicos,60008,Gestão de risco de desastre,2015,,Presente,veryhigh,Muito alto,#02C650,1751,Rio de Janeiro/RJ,1.0
Desastres geo-hidrológicos,60008,Gestão de risco de desastre,2015,,Presente,veryhigh,Muito alto,#02C650,2512,Rio do Campo/SC,1.0
Desastres geo-hidrológicos,60008,Gestão de risco de desastre,2015,,Presente,veryhigh,Muito alto,#02C650,5403,Rio Negro/PR,1.0
Desastres geo-hidrológicos,60008,Gestão de risco de desastre,2015,,Presente,veryhigh,Muito alto,#02C650,5456,Rolândia/PR,1.0
Desastres geo-hidrológicos,60008,Gestão de risco de desastre,2015,,Presente,veryhigh,Muito alto,#02C650,2620,Rolante/RS,1.0
Desastres geo-hidrológicos,60008,Gestão de risco de desastre,2015,,Presente,veryhigh,Muito alto,#02C650,1414,Salinas/MG,1.0
Desastres geo-hidrológicos,60008,Gestão de risco de desastre,2015,,Presente,veryhigh,Muito alto,#02C650,2250,Salto/SP,1.0
Desastres geo-hidrológicos,60008,Gestão de risco de desastre,2015,,Presente,veryhigh,Muito alto,#02C650,4341,Sanharó/PE,1.0
Desastres geo-hidrológicos,60008,Gestão de risco de desastre,2015,,Presente,veryhigh,Muito alto,#02C650,2257,Santa Clara d'Oeste/SP,1.0
Desastres geo-hidrológicos,60008,Gestão de risco de desastre,2015,,Presente,veryhigh,Muito alto,#02C650,1668,Santa Maria de Jetibá/ES,1.0
Desastres geo-hidrológicos,60008,Gestão de risco de desastre,2015,,Presente,veryhigh,Muito alto,#02C650,1752,Santa Maria Madalena/RJ,1.0
Desastres geo-hidrológicos,60008,Gestão de risco de desastre,2015,,Presente,veryhigh,Muito alto,#02C650,2879,Santarém/PA,1.0
Desastres geo-hidrológicos,60008,Gestão de risco de desastre,2015,,Presente,veryhigh,Muito alto,#02C650,2526,Santo Amaro da Imperatriz/SC,1.0
Desastres geo-hidrológicos,60008,Gestão de risco de desastre,2015,,Presente,veryhigh,Muito alto,#02C650,2281,Santos/SP,1.0
Desastres geo-hidrológicos,60008,Gestão de risco de desastre,2015,,Presente,veryhigh,Muito alto,#02C650,2527,São Bento do Sul/SC,1.0
Desastres geo-hidrológicos,60008,Gestão de risco de desastre,2015,,Presente,veryhigh,Muito alto,#02C650,2283,São Bernardo do Campo/SP,1.0
Desastres geo-hidrológicos,60008,Gestão de risco de desastre,2015,,Presente,veryhigh,Muito alto,#02C650,2531,São João Batista/SC,1.0
Desastres geo-hidrológicos,60008,Gestão de risco de desastre,2015,,Presente,veryhigh,Muito alto,#02C650,1479,São João da Mata/MG,1.0
Desastres geo-hidrológicos,60008,Gestão de risco de desastre,2015,,Presente,veryhigh,Muito alto,#02C650,1482,São João del Rei/MG,1.0
Desastres geo-hidrológicos,60008,Gestão de risco de desastre,2015,,Presente,veryhigh,Muito alto,#02C650,5278,São Jorge do Ivaí/PR,1.0
Desastres geo-hidrológicos,60008,Gestão de risco de desastre,2015,,Presente,veryhigh,Muito alto,#02C650,111,São Lourenço do Oeste/SC,1.0
Desastres geo-hidrológicos,60008,Gestão de risco de desastre,2015,,Presente,veryhigh,Muito alto,#02C650,5281,São Manoel do Paraná/PR,1.0
Desastres geo-hidrológicos,60008,Gestão de risco de desastre,2015,,Presente,veryhigh,Muito alto,#02C650,2540,Schroeder/SC,1.0
Desastres geo-hidrológicos,60008,Gestão de risco de desastre,2015,,Presente,veryhigh,Muito alto,#02C650,2321,Sumaré/SP,1.0
Desastres geo-hidrológicos,60008,Gestão de risco de desastre,2015,,Presente,veryhigh,Muito alto,#02C650,1769,Teresópolis/RJ,1.0
Desastres geo-hidrológicos,60008,Gestão de risco de desastre,2015,,Presente,veryhigh,Muito alto,#02C650,3390,Timon/MA,1.0
Desastres geo-hidrológicos,60008,Gestão de risco de desastre,2015,,Presente,veryhigh,Muito alto,#02C650,1558,Timóteo/MG,1.0
Desastres geo-hidrológicos,60008,Gestão de risco de desastre,2015,,Presente,veryhigh,Muito alto,#02C650,5517,Tonantins/AM,1.0
Desastres geo-hidrológicos,60008,Gestão de risco de desastre,2015,,Presente,veryhigh,Muito alto,#02C650,4384,Vicência/PE,1.0
Desastres geo-hidrológicos,60008,Gestão de risco de desastre,2015,,Presente,veryhigh,Muito alto,#02C650,2370,Vinhedo/SP,1.0
Desastres geo-hidrológicos,60008,Gestão de risco de desastre,2015,,Presente,veryhigh,Muito alto,#02C650,1683,Vitória/ES,1.0
Desastres geo-hidrológicos,60008,Gestão de risco de desastre,2015,,Presente,veryhigh,Muito alto,#02C650,1775,Volta Redonda/RJ,1.0
Desastres geo-hidrológicos,60008,Gestão de risco de desastre,2015,,Presente,veryhigh,Muito alto,#02C650,2374,Votorantim/SP,1.0
Desastres geo-hidrológicos,60008,Gestão de risco de desastre,2015,,Presente,veryhigh,Muito alto,#02C650,1612,Anchieta/ES,0.95
Desastres geo-hidrológicos,60008,Gestão de risco de desastre,2015,,Presente,veryhigh,Muito alto,#02C650,1819,Atibaia/SP,0.95
Desastres geo-hidrológicos,60008,Gestão de risco de desastre,2015,,Presente,veryhigh,Muito alto,#02C650,1858,Bragança Paulista/SP,0.95
Desastres geo-hidrológicos,60008,Gestão de risco de desastre,2015,,Presente,veryhigh,Muito alto,#02C650,1880,Campo Limpo Paulista/SP,0.95
Desastres geo-hidrológicos,60008,Gestão de risco de desastre,2015,,Presente,veryhigh,Muito alto,#02C650,1881,Campos do Jordão/SP,0.95
Desastres geo-hidrológicos,60008,Gestão de risco de desastre,2015,,Presente,veryhigh,Muito alto,#02C650,1624,Colatina/ES,0.95
Desastres geo-hidrológicos,60008,Gestão de risco de desastre,2015,,Presente,veryhigh,Muito alto,#02C650,1922,Diadema/SP,0.95
Desastres geo-hidrológicos,60008,Gestão de risco de desastre,2015,,Presente,veryhigh,Muito alto,#02C650,5458,Foz do Iguaçu/PR,0.95
Desastres geo-hidrológicos,60008,Gestão de risco de desastre,2015,,Presente,veryhigh,Muito alto,#02C650,4268,Garanhuns/PE,0.95
Desastres geo-hidrológicos,60008,Gestão de risco de desastre,2015,,Presente,veryhigh,Muito alto,#02C650,1976,Guarulhos/SP,0.95
Desastres geo-hidrológicos,60008,Gestão de risco de desastre,2015,,Presente,veryhigh,Muito alto,#02C650,1987,Ibirarema/SP,0.95
Desastres geo-hidrológicos,60008,Gestão de risco de desastre,2015,,Presente,veryhigh,Muito alto,#02C650,1095,Igarapé/MG,0.95
Desastres geo-hidrológicos,60008,Gestão de risco de desastre,2015,,Presente,veryhigh,Muito alto,#02C650,1114,Itabira/MG,0.95
Desastres geo-hidrológicos,60008,Gestão de risco de desastre,2015,,Presente,veryhigh,Muito alto,#02C650,5159,Ivaté/PR,0.95
Desastres geo-hidrológicos,60008,Gestão de risco de desastre,2015,,Presente,veryhigh,Muito alto,#02C650,4303,Lajedo/PE,0.95
Desastres geo-hidrológicos,60008,Gestão de risco de desastre,2015,,Presente,veryhigh,Muito alto,#02C650,1213,Mariana/MG,0.95
Desastres geo-hidrológicos,60008,Gestão de risco de desastre,2015,,Presente,veryhigh,Muito alto,#02C650,2089,Mauá/SP,0.95
Desastres geo-hidrológicos,60008,Gestão de risco de desastre,2015,,Presente,veryhigh,Muito alto,#02C650,5209,Nova Esperança/PR,0.95
Desastres geo-hidrológicos,60008,Gestão de risco de desastre,2015,,Presente,veryhigh,Muito alto,#02C650,2610,Novo Hamburgo/RS,0.95
Desastres geo-hidrológicos,60008,Gestão de risco de desastre,2015,,Presente,veryhigh,Muito alto,#02C650,4312,Olinda/PE,0.95
Desastres geo-hidrológicos,60008,Gestão de risco de desastre,2015,,Presente,veryhigh,Muito alto,#02C650,4323,Paulista/PE,0.95
Desastres geo-hidrológicos,60008,Gestão de risco de desastre,2015,,Presente,veryhigh,Muito alto,#02C650,2236,Rio Claro/SP,0.95
Desastres geo-hidrológicos,60008,Gestão de risco de desastre,2015,,Presente,veryhigh,Muito alto,#02C650,1670,São Domingos do Norte/ES,0.95
Desastres geo-hidrológicos,60008,Gestão de risco de desastre,2015,,Presente,veryhigh,Muito alto,#02C650,2298,São Manuel/SP,0.95
Desastres geo-hidrológicos,60008,Gestão de risco de desastre,2015,,Presente,veryhigh,Muito alto,#02C650,1673,São Mateus/ES,0.95
Desastres geo-hidrológicos,60008,Gestão de risco de desastre,2015,,Presente,veryhigh,Muito alto,#02C650,5422,Siqueira Campos/PR,0.95
Desastres geo-hidrológicos,60008,Gestão de risco de desastre,2015,,Presente,veryhigh,Muito alto,#02C650,2635,Torres/RS,0.95
Desastres geo-hidrológicos,60008,Gestão de risco de desastre,2015,,Presente,veryhigh,Muito alto,#02C650,5430,União da Vitória/PR,0.95
Desastres geo-hidrológicos,60008,Gestão de risco de desastre,2015,,Presente,veryhigh,Muito alto,#02C650,1679,Viana/ES,0.95
Desastres geo-hidrológicos,60008,Gestão de risco de desastre,2015,,Presente,veryhigh,Muito alto,#02C650,2883,Vitória do Xingu/PA,0.95
Desastres geo-hidrológicos,60008,Gestão de risco de desastre,2015,,Presente,veryhigh,Muito alto,#02C650,1606,Afonso Cláudio/ES,0.9
Desastres geo-hidrológicos,60008,Gestão de risco de desastre,2015,,Presente,veryhigh,Muito alto,#02C650,1615,Atílio Vivacqua/ES,0.9
Desastres geo-hidrológicos,60008,Gestão de risco de desastre,2015,,Presente,veryhigh,Muito alto,#02C650,4217,Barreiros/PE,0.9
Desastres geo-hidrológicos,60008,Gestão de risco de desastre,2015,,Presente,veryhigh,Muito alto,#02C650,2409,Botuverá/SC,0.9
Desastres geo-hidrológicos,60008,Gestão de risco de desastre,2015,,Presente,veryhigh,Muito alto,#02C650,4399,Cajueiro/AL,0.9
Desastres geo-hidrológicos,60008,Gestão de risco de desastre,2015,,Presente,veryhigh,Muito alto,#02C650,899,Caratinga/MG,0.9
Desastres geo-hidrológicos,60008,Gestão de risco de desastre,2015,,Presente,veryhigh,Muito alto,#02C650,958,Contagem/MG,0.9
Desastres geo-hidrológicos,60008,Gestão de risco de desastre,2015,,Presente,veryhigh,Muito alto,#02C650,4254,Cortês/PE,0.9
Desastres geo-hidrológicos,60008,Gestão de risco de desastre,2015,,Presente,veryhigh,Muito alto,#02C650,4931,Eldorado do Sul/RS,0.9
Desastres geo-hidrológicos,60008,Gestão de risco de desastre,2015,,Presente,veryhigh,Muito alto,#02C650,4267,Gameleira/PE,0.9
Desastres geo-hidrológicos,60008,Gestão de risco de desastre,2015,,Presente,veryhigh,Muito alto,#02C650,2014,Itanhaém/SP,0.9
Desastres geo-hidrológicos,60008,Gestão de risco de desastre,2015,,Presente,veryhigh,Muito alto,#02C650,1134,Itatiaiuçu/MG,0.9
Desastres geo-hidrológicos,60008,Gestão de risco de desastre,2015,,Presente,veryhigh,Muito alto,#02C650,2038,Jacareí/SP,0.9
Desastres geo-hidrológicos,60008,Gestão de risco de desastre,2015,,Presente,veryhigh,Muito alto,#02C650,1152,Januária/MG,0.9
Desastres geo-hidrológicos,60008,Gestão de risco de desastre,2015,,Presente,veryhigh,Muito alto,#02C650,5493,Lábrea/AM,0.9
Desastres geo-hidrológicos,60008,Gestão de risco de desastre,2015,,Presente,veryhigh,Muito alto,#02C650,2080,Mairiporã/SP,0.9
Desastres geo-hidrológicos,60008,Gestão de risco de desastre,2015,,Presente,veryhigh,Muito alto,#02C650,631,Nova Olímpia/MT,0.9
Desastres geo-hidrológicos,60008,Gestão de risco de desastre,2015,,Presente,veryhigh,Muito alto,#02C650,1658,Nova Venécia/ES,0.9
Desastres geo-hidrológicos,60008,Gestão de risco de desastre,2015,,Presente,veryhigh,Muito alto,#02C650,1290,Ouro Fino/MG,0.9
Desastres geo-hidrológicos,60008,Gestão de risco de desastre,2015,,Presente,veryhigh,Muito alto,#02C650,2208,Praia Grande/SP,0.9
Desastres geo-hidrológicos,60008,Gestão de risco de desastre,2015,,Presente,veryhigh,Muito alto,#02C650,2255,Santa Bárbara d'Oeste/SP,0.9
Desastres geo-hidrológicos,60008,Gestão de risco de desastre,2015,,Presente,veryhigh,Muito alto,#02C650,5047,Santana/AP,0.9
Desastres geo-hidrológicos,60008,Gestão de risco de desastre,2015,,Presente,veryhigh,Muito alto,#02C650,1671,São Gabriel da Palha/ES,0.9
Desastres geo-hidrológicos,60008,Gestão de risco de desastre,2015,,Presente,veryhigh,Muito alto,#02C650,3372,São Luís/MA,0.9
Desastres geo-hidrológicos,60008,Gestão de risco de desastre,2015,,Presente,veryhigh,Muito alto,#02C650,2315,Sete Barras/SP,0.9
Desastres geo-hidrológicos,60008,Gestão de risco de desastre,2015,,Presente,veryhigh,Muito alto,#02C650,1565,Três Corações/MG,0.9
Desastres geo-hidrológicos,60008,Gestão de risco de desastre,2015,,Presente,veryhigh,Muito alto,#02C650,1595,Vespasiano/MG,0.9
Desastres geo-hidrológicos,60008,Gestão de risco de desastre,2015,,Presente,veryhigh,Muito alto,#02C650,2389,Araquari/SC,0.83
Desastres geo-hidrológicos,60008,Gestão de risco de desastre,2015,,Presente,veryhigh,Muito alto,#02C650,1815,Artur Nogueira/SP,0.83
Desastres geo-hidrológicos,60008,Gestão de risco de desastre,2015,,Presente,veryhigh,Muito alto,#02C650,4390,Atalaia/AL,0.83
Desastres geo-hidrológicos,60008,Gestão de risco de desastre,2015,,Presente,veryhigh,Muito alto,#02C650,4030,Campina Grande/PB,0.83
Desastres geo-hidrológicos,60008,Gestão de risco de desastre,2015,,Presente,veryhigh,Muito alto,#02C650,44,Chapecó/SC,0.83
Desastres geo-hidrológicos,60008,Gestão de risco de desastre,2015,,Presente,veryhigh,Muito alto,#02C650,1626,Conceição do Castelo/ES,0.83
Desastres geo-hidrológicos,60008,Gestão de risco de desastre,2015,,Presente,veryhigh,Muito alto,#02C650,613,Cuiabá/MT,0.83
Desastres geo-hidrológicos,60008,Gestão de risco de desastre,2015,,Presente,veryhigh,Muito alto,#02C650,4516,Itabaianinha/SE,0.83
Desastres geo-hidrológicos,60008,Gestão de risco de desastre,2015,,Presente,veryhigh,Muito alto,#02C650,1713,Itaguaí/RJ,0.83
Desastres geo-hidrológicos,60008,Gestão de risco de desastre,2015,,Presente,veryhigh,Muito alto,#02C650,2482,Morro da Fumaça/SC,0.83
Desastres geo-hidrológicos,60008,Gestão de risco de desastre,2015,,Presente,veryhigh,Muito alto,#02C650,3324,Pedreiras/MA,0.83
Desastres geo-hidrológicos,60008,Gestão de risco de desastre,2015,,Presente,veryhigh,Muito alto,#02C650,1328,Pedro Leopoldo/MG,0.83
Desastres geo-hidrológicos,60008,Gestão de risco de desastre,2015,,Presente,veryhigh,Muito alto,#02C650,5245,Quedas do Iguaçu/PR,0.83
Desastres geo-hidrológicos,60008,Gestão de risco de desastre,2015,,Presente,veryhigh,Muito alto,#02C650,424,Santo Ângelo/RS,0.83
Desastres geo-hidrológicos,60008,Gestão de risco de desastre,2015,,Presente,veryhigh,Muito alto,#02C650,2300,São Paulo/SP,0.83
